109.242 50.1471 
0 0 
256.45 214.784 
0 0 
430.396 459.552 468.658 487.007 512.887 540.446 
32.1615 43.8848 51.7653 56.71 61.3967 66.9477 
208.981 225.977 244.12 
62.7664 74.9592 94.0152 
231.924 247.863 265.37 284.48 315.412 346.974 
36.0875 49.0054 68.2257 74.471 72.9426 75.9874 
81.7303 107.567 136.502 
58.2682 75.4359 101.961 
0.193848 0.161558 18.7921 51.2896 92.9994 0.108849 0.292811 5.32905 
47.2532 61.7264 92.6146 102.601 94.0646 71.3666 88.1447 100.097 
278.219 292.906 
59.9664 70.4666 
81.2965 106.328 135.439 
68.5373 85.8453 111.917 
209.696 227.23 246.523 265.475 294.55 325.553 356.234 382.951 406.288 435.432 474.614 521.272 577.9 635.384 
76.5733 88.8214 107.572 113.272 110.626 112.969 115.548 110.737 104.668 100.096 99.8401 102.539 105.707 109.278 
199.095 237.979 
83.8409 100.089 
84.4384 109.54 
66.1176 83.1597 
196.201 217.873 
92.3235 105.662 
0.0602634 0 
71.2791 85.3005 
335.468 325.64 
96.0115 100.042 
452.89 463.775 475.473 493.743 
86.3601 91.9668 98.3912 102.131 
80.5707 106.521 
91.341 108.082 
358.787 377.869 
122.738 130.226 
300.912 320.157 
105.339 115.147 
84.6509 109.568 
89.2365 105.51 
446.43 459.287 
121.504 126.559 
195.414 217.999 243.828 268.825 393.027 
113.763 126.582 145.543 151.331 162.149 
338.028 354.789 373.871 392.991 
104.067 112.67 124.526 128.992 
76.3862 101.381 132.208 159.637 195.381 
102.287 117.986 143.565 150.789 144.827 
473.833 485.297 
94.2394 99.3201 
472.233 483.631 
95.2301 100.386 
299.554 318.861 341.983 
113.062 123.118 137.061 
190.598 212.98 
124.485 136.698 
153.737 171.282 194.59 214.6 
108.817 121.887 142.855 148.588 
269.57 274.538 
117.986 125.688 
517.51 529.011 543.465 556.983 578.681 603.84 634.326 661.92 682.879 712.143 
138.051 141.084 143.05 144.757 151.23 156.544 143.919 123.93 113.135 106.753 
532.649 543.883 557.161 
109.496 112.248 114.335 
322.497 346.93 
113.626 123.443 
516.956 528.766 542.169 555.518 576.302 598.078 
122.576 125.349 127.347 129.829 135.968 141.292 
101.116 130.409 161.299 
124.148 140.55 163.795 
180.648 203.167 229.884 
127.843 140.94 160.787 
72.9213 108.79 
132.517 149.879 
44.6738 84.4805 
134.589 152.942 
150.959 175.171 
155.727 174.446 
427.916 444.686 475.432 
137.918 144.073 152.809 
55.366 96.3145 141.243 187.094 235.532 
155.752 174.098 199.677 206.921 201.653 
422.103 439.561 460.485 487.178 
156.162 162.198 169.104 173.025 
495.334 511.252 531.312 549.593 573.663 
174.962 178.739 181.64 183.673 190.109 
273.23 307.085 
180.887 192.901 
52.5038 96.1971 
172.077 191.239 
418.881 435.596 458.519 
174.796 180.281 187.136 
502.081 517.87 537.965 556.174 
173.761 177.329 180.047 181.863 
531.229 558.776 567.948 609.568 632.067 655.335 
182.188 186.933 185.992 190.544 198.854 205.051 
568.841 582.136 568.687 590.375 604.553 630.37 
208.299 209.282 204.258 205.796 212.286 218.202 
301.225 333.706 372.083 406.264 444.596 
193.918 204.938 217.926 221.866 223.626 
302.247 335.493 
185.103 196.475 
576.895 591.856 
180.35 182.005 
183.756 220.431 
182.879 196.973 
533.72 548.68 564.55 590.382 602.134 
218.074 220.003 219.868 221.592 227.546 
496.295 512.912 533.016 552.073 
191.031 194.61 197.115 198.844 
336.27 364.591 
216.939 226.183 
387.471 404.405 434.251 
298.975 303.855 319.217 
708.751 721.218 
304.579 300.673 
707.871 721.181 
312.395 308.503 
750.72 750.632 
324.125 317.997 
750.634 741.38 
362.54 344.345 
421.111 433.432 455.846 
353.823 342.28 339.259 
442.312 464.105 494.103 
406.969 402.694 399.125 
402.422 423.991 455.943 
404.902 409.023 412.374 
401.143 425.482 461.016 482.912 496.68 519.677 
467.641 470.21 476.001 476.896 476.734 478.52 
486.673 517.496 561.47 593.043 611.415 
478.969 479.017 479.232 479.36 479.339 
428.249 447.043 
0.302142 0.254138 
211.97 236.139 262.942 306.261 346.275 385.316 
13.4275 36.9234 45.2482 45.3592 50.2918 54.4536 
385.426 407.06 429.739 464.566 
62.0406 74.7259 80.2247 84.6759 
117.306 141.373 
60.9963 87.0716 
45.0639 59.4122 
50.6328 79.21 
231.977 260.446 
85.9978 106.02 
165.409 187.98 
123.795 144.883 
213.88 239.62 
132.179 150.934 
94.7083 126.399 155.73 191.188 
125.142 150.813 157.676 151.165 
507.87 512.158 
137.323 139.025 
15.9127 68.5553 
150.448 181.449 
143.764 190.467 232.131 277.952 
167.816 191.471 198.081 194.247 
23.0578 71.2683 
158.301 187.688 
74.4703 138.658 179.652 
164.582 193.275 200.232 
154.499 172.078 
191.831 211.308 
423.676 454.06 474.057 489.342 514.307 
395.002 399.533 399.926 400.296 405.109 
409.248 442.328 
449.097 454.817 
100.651 68.8843 140.65 166.456 
0 0 0 0 
146.355 108.96 178.096 200.417 
0.660002 0 0.355343 0.412756 
391.378 410.202 
5.433 12.8896 
0 12.2605 
16.6453 25.8959 
234.696 264.533 
16.4429 25.7099 
232.987 262.034 302.891 
22.5078 31.5556 31.3797 
138.714 159.565 
45.6316 53.8701 
366.181 432.194 
55.0094 68.0273 
55.434 80.4006 
36.9992 46.1829 
339.482 352.06 
76.9084 81.4126 
127.32 149.687 182.351 218.924 
58.9734 67.2206 61.4835 63.6868 
186.248 197.959 
56.2621 62.6036 
319.841 331.857 375.153 409.525 
65.4557 70.2866 72.689 77.3754 
152.292 164.164 197.64 230.796 264.105 292.304 316.506 
68.5318 74.79 69.5543 71.3362 80.2174 80.5538 76.0202 
0.274445 0.237862 0.127597 
69.7181 75.9257 58.8053 
339.368 352.244 383.477 407.918 
76.4862 81.8772 82.6292 85.0591 
381.987 401.487 
83.8484 88.1703 
498.742 513.092 544.78 
104.637 107.504 114.261 
342.048 363.848 
129.018 133.768 
247.953 272.915 306.303 
122.621 128.764 126.724 
140.376 168.711 205.393 
125.76 133.273 128.081 
24.4837 55.4094 115.997 150.029 
136.242 144.651 137.572 136.909 
239.656 263.832 
155.597 161.269 
414.739 452.483 496.28 542.538 593.8 642.035 
153.773 159.515 164.769 172.203 165.825 150.858 
410.603 447.581 
218.194 223.829 
441.598 478.229 
156.434 161.439 
46.233 90.2451 142.744 
170.511 178.957 171.259 
0.327529 66.1994 
165.861 179.026 
269.599 294.676 
175.267 180.266 
45.1189 93.3305 
197.121 205.246 
0.368974 0.34563 
198.444 202.961 
406.19 440.363 471.262 516.992 559.535 611.231 647.909 692.898 750.375 750.408 750.462 
236.111 239.449 241.145 246.097 237.645 222.564 211.56 205.251 205.679 208.919 211.403 
376.284 408.79 445.562 487.229 536.358 582.113 619.599 662.927 720.433 
209.986 214.003 215.733 220.097 214.014 200.206 190.113 183.726 183.771 
266.355 305.5 
215.825 220.943 
218.744 255.383 326.277 
217.988 223.368 222.679 
302.868 337.917 377.107 
229.335 233.739 232.671 
469.487 491.534 507.773 531.551 
435.937 435.47 436.885 438.854 
473.956 497.609 513.193 536.664 
445.655 441.786 442.634 447.48 
491.8 516.342 532.088 
473.574 472.563 472.914 
447.435 467.265 
451.525 450.699 
455.197 477.637 
479.686 479.85 
247.046 284.644 
11.4862 10.1134 
59.654 114.54 162.87 
13.3047 8.97621 13.1454 
38.2455 67.714 
74.6996 63.8281 
40.8546 72.1742 
37.0595 27.0823 
87.0008 122.143 
82.9201 74.5876 
46.3461 87.9923 152.125 187.875 218.836 244.563 276.278 317.145 364.599 414.595 467.087 519.605 564.585 597.923 620.436 639.576 657.917 677.128 659.712 675.495 701.399 723.851 
85.5357 77.4694 82.6917 95.7533 100.022 96.6505 92.3183 91.6379 93.4645 96.046 98.6884 97.5991 97.0587 94.4968 93.4452 88.0668 73.6551 48.9398 31.1251 25.4719 14.5045 13.6438 
328.104 358.957 
91.5413 91.7433 
268.668 294.016 324.921 
122.738 119.599 121.837 
0.232703 0.4015 
96.0304 78.8426 
421.654 451.066 482.779 
144.505 146.845 151.819 
366.399 363.818 
118.224 114.997 
510.873 534.834 
108.51 115.29 
166.334 203.898 
117.149 111.89 
570.884 594.389 621.179 651.494 679.142 700.627 731.031 
116.711 124.024 128.375 114.694 93.4023 82.2188 76.3896 
163.796 393.027 
140.852 162.149 
52.976 92.9976 
124.907 115.706 
265.455 292.122 322.084 
140.886 137.649 139.58 
369.582 399.566 430.341 467.889 498.765 524.629 555.371 599.543 654.532 
139.595 140.526 144.171 141.474 131.046 122.981 117.896 117.814 121.24 
395.426 428.782 463.785 503.676 
145.327 147.699 152.711 148.543 
484.634 509.611 
154.227 158.595 
271.189 302.034 
166.9 164.13 
47.0575 102.009 
170.771 161.843 
0.327927 38.022 99.5972 
184.452 169.778 169.508 
482.214 522.67 566.192 
190.221 196.964 204.941 
433.782 471.329 
234.172 236.398 
622.949 644.572 672.13 
206.821 215.488 222.617 
483.523 517.662 
236.875 247.853 
246.873 289.374 
30.7021 35.6302 
473.254 508.02 
48.614 55.4489 
87.7055 118.215 128.047 200.605 206.451 
22.873 23.0591 35.4207 48.8612 44.0311 
291.421 334.817 
39.5377 45.1185 
111.172 149.137 
63.0034 63.7596 
135.243 171.947 
40.5479 41.957 
468.077 504.751 537.194 569.585 
72.9064 79.5991 72.9756 59.565 
70.4393 103.043 
67.7836 67.2759 
292.361 321.549 354.116 359.627 405.213 435.321 474.523 521.203 573.691 632.036 696.988 750.302 
97.5465 99.7465 102.922 96.5994 92.012 87.8214 88.0217 91.0733 93.771 96.9165 95.2764 94.7431 
305.536 342.362 368.696 
108.823 112.149 113.37 
85.4964 128.933 172.941 
129.072 129.342 142.69 
390.564 419.715 
134.497 138.009 
420.506 450.651 482.259 511.315 535.455 565.488 608.775 659.574 721.297 
130.696 134.93 130.631 119.498 111.346 106.507 106.593 109.764 112.784 
202.98 133.738 
132.455 116.326 
240.428 268.01 
146.169 146.466 
139.624 186.003 
153.206 153.836 
304.567 338.782 377.064 
152.203 154.385 156.446 
396.274 428.855 
159.427 163.119 
146.892 202.92 
182.412 182.9 
423.756 456.228 493.668 528.71 556.23 
166.212 170.543 166.135 154.454 145.912 
235.276 273.708 
173.723 175.052 
580.422 608.705 
188.712 194.856 
282.004 332.033 
202.858 204.996 
349.635 398.938 447.191 492.102 
219.125 222.331 219.976 209.96 
513.833 556.311 
233.752 239.055 
102.051 158.705 
298.34 294.197 
491.839 515.061 
411.626 414.141 
140.524 185.581 
18.2307 35.9716 
325.499 343.719 
15.8705 18.949 
285.436 303.801 
9.48999 15.0711 
334.665 371.424 405.522 435.494 474.654 523.767 580.464 644.597 717.09 
57.5083 61.6638 57.4892 51.7461 47.6247 47.6293 50.4431 52.6374 55.2563 
33.2538 75.817 
51.3533 73.0334 
79.0004 108.929 
24.5802 43.6664 
217.139 230.336 334.557 
30.1487 38.4908 48.2609 
344.455 380.459 413.719 445.426 483.705 532.046 588.752 655.421 
36.8603 40.9631 36.5895 31.1193 26.9665 26.914 29.5467 31.1455 
417.756 448.684 474.537 477.064 517.077 
87.0762 85.0784 75.9947 67.3878 63.0162 
156.415 190.834 
40.3824 54.5655 
0.113897 73.0101 
51.2698 77.9757 
246.284 267.906 294.527 
56.9054 63.8254 64.4333 
499.665 534.542 566.302 595.426 631.23 682.886 745.394 
90.8496 84.8714 71.4907 62.7759 57.3975 56.784 59.1703 
336.147 278.764 
151.879 143.622 
239.609 374.621 
116.103 134.24 
338.778 374.621 
131.906 134.24 
135.187 188.564 232.882 267.893 305.395 
142.753 156.421 159.55 155.451 150.412 
121.247 175.333 
147.937 162.083 
342.205 377.968 409.61 438.763 
129.681 131.607 125.791 119.273 
508.326 547.264 
130.668 118.857 
232.973 273.059 308.784 
145.909 153.229 152.286 
574.59 604.628 
152.047 140.086 
491.293 529.711 563.756 591.361 626.281 
154.395 147.986 134.534 125.038 119.217 
496.527 540.652 580.884 615.219 656.365 
158.442 151.968 139.362 130.21 124.427 
144.031 222.955 276.278 
163.404 178.585 180.268 
196.177 252.804 303.728 
172.385 181.851 182.23 
274.548 325.485 
166.638 171.98 
205.202 265.351 317.893 359.617 
191.6 200.083 199.03 192.459 
77.985 150.422 210.446 
186.568 202.023 206.334 
392.227 444.187 
213.633 212.377 
100.33 169.541 221.246 
187.719 201.731 204.678 
602.826 640.379 674.559 
210.96 198.248 179.159 
404.603 449.54 
215.255 212.675 
650.3 662.882 698.738 
236.998 219.076 198.976 
572.006 596.223 626.211 662.807 715.313 750.391 750.425 750.454 750.465 750.491 750.465 
58.4299 42.3682 33.4339 27.8482 27.0589 27.512 24.4201 22.8785 16.4912 13.0312 7.51582 
203.686 241.203 
15.0168 20.9423 
12.8526 49.5713 81.1944 
28.3689 43.8857 44.5895 
208.732 244.563 277.898 319.569 368.757 
29.7082 34.8196 32.3531 28.9705 29.4667 
249.622 333.742 
58.4591 64.6877 
70.6672 105.473 130.535 
48.6003 60.598 59.5745 
92.2227 121.305 
76.891 86.3981 
189.868 382.228 405.502 433.857 423.886 523.838 580.506 638.032 
104.839 119.09 112.874 108.197 105.237 110.535 113.916 117.834 
554.547 588.685 
99.8516 85.4033 
354.885 382.228 
123.615 119.09 
593.603 619.5 640.375 666.257 
107.542 90.1463 79.7671 73.5796 
66.2688 110.465 146.238 
126.091 136.324 134.876 
443.784 474.597 
134.302 125.222 
24.6182 67.115 
134.193 146.219 
173.828 212.945 
138.047 142.426 
353.792 382.104 
141.683 136.7 
460.436 492.094 519.571 551.242 
143.583 133.586 125.712 120.607 
75.46 119.591 155.397 
138.358 147.795 145.847 
0.375194 13.7026 45.4066 95.4184 
141.664 153.037 152.389 147.864 
0.191456 3.78099 53.7701 98.6776 
149.295 159.82 159.847 155.023 
375.512 407.921 436.288 
150.344 144.5 137.813 
154.497 202.864 242.893 284.569 
169.629 174.77 171.098 165.848 
590.432 638.825 679.661 
162.834 147.315 137.09 
369.814 408.728 
167.229 161.675 
217.897 270.406 
174.926 176.972 
0.175296 0.336632 0.358296 
180.633 189.766 186.73 
148.838 208.772 
196.893 201.518 
174.598 226.271 275.437 
185.309 188.503 183.466 
2.94805 0.406259 0.408624 
186.73 195.671 192.386 
483.936 520.782 
188.343 176.893 
386.22 435.401 
199.146 192.648 
283.838 335.429 
196.757 194.971 
561.316 610.421 552.109 597.96 747.925 
232.991 217.802 204.393 198.052 201.024 
392.009 437.897 
207.281 200.342 
579.353 628.331 668.812 736.183 751.067 
223.307 207.597 197.597 197.027 185.309 
279.418 333.786 379.605 
204.69 202.987 196.375 
173.662 235.393 
294.155 294.352 
172.869 232.909 
301.282 300.74 
570.411 598.041 
34.582 26.2814 
224.682 257.989 302.967 353.779 409.59 
42.6615 40.2318 37.1269 37.4256 40.3006 
417.021 447.081 484.541 534.543 588.753 656.244 
49.4737 43.7862 39.4519 39.491 42.0179 43.8961 
155.933 176.198 203.33 
87.9433 85.4218 80.444 
29.5941 62.8676 100.397 
67.7347 68.7177 65.8367 
528.49 552.744 
81.3384 73.7221 
52.0196 0.314748 0.333877 47.0057 0.287989 75.3355 136.227 
84.6731 79.8315 74.5497 73.5733 68.5031 72.6813 74.1286 
512.128 537.105 
113.038 104.941 
442.152 469.553 447.882 487.031 
111.1 104.334 96.9728 96.4818 
0.362767 44.6294 
120.471 121.03 
313.72 344.553 
123.37 118.513 
405.421 433.752 467.083 636.203 648.712 750.435 750.452 750.446 750.519 750.521 
147.849 141.208 136.251 141.432 143.596 150.113 152.418 150.037 148.396 143.362 
407.095 432.919 
128.545 122.016 
536.253 562.926 594.599 
136.199 127.702 122.583 
233.742 258.735 
140.534 136.565 
489.588 516.233 551.268 
152.001 144.152 139.142 
218.756 252.887 
166.132 162.117 
497.021 535.555 579.166 634.879 702.246 
197.939 188.705 182.406 182.134 186.98 
319.564 365.367 
191.466 185.256 
218.85 267.991 
198.152 193.093 
587.367 623.83 
208.937 199.062 
582.099 619.595 657.941 711.276 
208.292 198.244 192.122 192.289 
651.483 685.213 
227.136 226.203 
653.273 682.061 
444.226 429.704 
335.418 372.093 
6.22558 2.76975 
338.755 330.404 
8.67879 2.28447 
0.346779 0.324192 0.401871 
11.2757 6.65024 4.78868 
276.384 318.845 367.077 423.747 484.575 548.725 
17.0977 15.6807 16.3484 19.6414 23.0974 26.0503 
86.1987 135.359 188.719 
18.6246 17.1499 18.4277 
68.7867 118 
26.6187 25.1007 
202.075 232.889 207.054 255.42 
33.0736 29.2226 25.0529 27.8677 
50.4396 79.5308 
39.2578 36.1966 
0.361981 0.319949 44.5599 109.5 168.726 227.045 281.226 
38.8805 33.5874 34.1405 37.7948 42.5815 45.4865 44.5161 
233.884 328.749 313.762 414.608 412.925 
52.7454 52.0989 48.5527 53.3106 53.5946 
256.267 288.712 330.359 
55.9748 51.9241 51.4127 
0.3302 0.319156 52.893 113.725 173.731 
61.5723 56.8392 57.4114 59.91 64.0423 
516.342 544.503 
62.2479 56.8454 
304.573 338.697 379.622 
70.5901 66.4971 66.3557 
424.547 454.541 495.408 
66.8148 61.884 61.3767 
465.407 488.751 
79.725 74.5623 
69.626 107.115 154.644 207.122 260.451 314.619 364.635 406.245 436.241 456.332 
87.2002 84.013 83.5008 84.7407 87.2903 88.9861 87.1097 85.4838 83.0515 82.4945 
313.791 344.641 
93.8336 89.3032 
0.371956 0.280142 
97.8874 91.73 
465.47 493.757 532.944 
100.99 96.1046 95.6984 
38.8321 84.5609 
103.558 99.9608 
0.33987 41.3234 98.0111 158.714 217.153 277.153 329.629 
102.545 98.3255 97.3664 98.1266 100.029 101.722 99.3578 
35.4405 82.9103 134.609 
111.117 107.952 106.114 
150.431 85.4584 
105.972 97.033 
92.9282 133.72 
129.325 125.245 
0.215307 52.0192 
134.267 131.375 
154.576 194.549 243.701 
132.259 127.949 126.488 
25.4139 67.9341 
144.639 140.05 
403.791 432.979 
146.886 141.972 
0.409217 42.0845 103.742 165.411 222.074 
145.556 141.221 139.019 138.014 138.961 
382.08 429.571 
188.098 181.801 
536.251 577.084 630.414 
201.222 194.574 193.819 
647.925 692.087 
206.629 200.188 
689.633 721.102 
427.667 423.953 
669.327 699.78 
471.751 464.928 
83.7117 104.599 101.28 
1.53166 0.111435 0 
198.83 183.851 
18.5717 14.9081 
320.323 371.211 429.54 490.37 555.4 622.924 
10.0767 11.0065 14.4323 18.0659 20.7488 18.4904 
633.75 683.753 
45.4169 44.5224 
0.209741 57.0827 
64.6871 66.8836 
43.5866 93.8091 
65.4215 65.948 
652.91 702.07 750.42 
70.5411 69.8461 72.0126 
75.4665 121.332 183.6 232.009 277.967 327.143 364.673 406.273 410.473 
74.5169 73.9656 75.6726 77.9439 79.4971 77.8468 75.4667 74.2212 72.9154 
288.69 95.3707 137.018 189.591 320.473 212.051 387.816 394.481 435.359 
106.834 93.8585 93.2437 95.2805 101.251 88.3678 96.7465 92.5926 93.7137 
0.327908 0.309419 0.301203 44.5842 112.894 174.556 219.63 364.629 388.783 
113.358 108.529 104.144 104.568 104.917 102.435 99.866 107.372 107.504 
183.759 233.763 
115.153 114.312 
373.76 417.122 467.077 512.95 563.738 607.122 653.762 
123.532 122.963 125.528 128.23 131.424 130.729 131.075 
170.462 234.595 
130.342 129.316 
324.615 372.113 
136.345 135.654 
387.07 426.233 
135.682 134.895 
89.2987 144.349 199.656 254.856 
145.663 142.643 142.317 144.504 
386.3 440.376 482.873 538.003 603.672 661.483 
147.162 145.653 148.244 151.607 155.837 157.501 
430.003 486.002 
181.767 179.287 
343.744 390.429 
153.96 152.457 
583.23 633.455 701.708 750.633 
191.733 189.598 194.953 192.995 
580.503 626.336 
160.925 160.885 
412.147 465.538 525.514 
178.781 176.586 178.659 
407.046 463.747 522.875 587.99 658.031 742.224 
185.902 183.788 185.808 189.784 196.201 201.906 
0.392398 79.5756 
183.795 178.125 
321.322 378.846 442.202 508.892 578.89 652.28 
186.56 183.34 184.324 187.602 192.958 196.697 
661.255 716.232 
190.395 190.493 
579.585 635.417 
187.786 187.067 
326.227 382.099 444.606 
192.893 189.228 190.048 
512.909 560.417 
448.518 446.305 
352.083 400.416 
449.561 442.713 
504.595 551.25 603.75 666.224 
451.633 449.223 454.588 465.705 
632.867 678.76 
470.644 473.073 
181.241 198.604 
3.91108 3.45425 
177.158 239.637 
26.8659 30.4597 
522.959 577.127 
35.5209 37.9115 
159.747 57.2665 143.897 204.721 253.915 302.218 372.889 
32.7056 25.7267 32.7139 36.1561 35.3832 34.3979 34.4168 
463.805 57.2665 
51.8244 25.7267 
215.467 266.274 
57.0757 59.1956 
439.525 478.705 522.853 
59.4644 61.456 63.573 
124.6 179.551 259.553 310.395 
65.1197 66.9008 71.837 73.3328 
225.438 274.625 
80.019 81.3346 
652.092 710.073 
126.532 126.945 
595.456 632.939 
98.203 99.9606 
638.77 694.576 750.417 750.453 
122.463 126.397 129.569 131.465 
27.9194 92.9171 
126.214 125.41 
185.41 232.909 291.23 342.847 399.684 442.062 488.782 508.834 526.196 
123.91 123.892 125.721 127.245 125.895 124.812 124.233 123.607 120.355 
71.2447 117.165 176.226 237.164 286.286 
126.321 124.436 125.693 126.253 123.411 
87.9632 166.27 209.598 
130.575 130.952 131.035 
335.401 387.056 440.381 495.378 552.864 600.373 639.54 677.148 
130.742 132.562 135.124 138.44 138.583 139.27 137.642 137.819 
144.569 201.22 257.007 314.54 
134.774 134.152 135.476 136.699 
326.304 372.129 428.807 448.718 497.998 538.746 570.437 
138.418 139.598 141.894 142.568 141.754 141.305 139.284 
234.492 245.503 268.538 314.526 369.344 
138.947 137.191 136 136.107 134.685 
151.229 198.79 256.287 312.963 367.963 411.307 446.212 471.22 493.719 589.597 623.746 637.908 671.266 675.451 686.264 
145.153 143.792 144.789 145.622 144.041 143.143 141.656 141.59 139.178 133.255 112.744 95.2619 88.9883 80.8917 80.7841 
528.658 572.826 627.972 
150.009 152.915 156.842 
146.162 207.847 262.785 308.839 363.852 408.042 443.019 468.928 493.605 
151.667 150.868 151.643 151.775 150.12 149.176 147.731 147.739 145.586 
433.783 482.071 
153.651 154.607 
79.4156 148.46 214.08 
158.898 156.901 158.113 
66.1238 130.53 
166.632 166.597 
32.9557 113.798 
171.054 167.833 
575.425 637.117 709.616 
177.546 181.162 186.353 
376.219 437.893 502.97 573.708 647.051 713.668 750.435 
191.227 191.706 194.601 200.086 204.084 209.493 208.584 
565.415 625.411 
184.642 188.071 
486.279 549.568 
188.057 190.703 
0.404612 60.2558 
446.029 427.64 
503.749 557.906 
446.43 449.825 
359.582 410.473 466.295 
449.242 446.531 448.224 
463.729 512.074 572.081 
5.79095 8.12889 10.487 
217.972 272.142 320.411 
44.3817 48.3085 50.5283 
618.691 666.205 
65.5732 67.0763 
57.0826 116.244 174.594 228.776 
75.4274 78.8468 80.2359 78.3671 
55.5601 125.449 
77.1796 81.0889 
362.957 412.971 
81.3925 83.5589 
431.298 482.948 
90.4814 93.2274 
145.387 237.082 
107.543 112.107 
560.333 617.855 682.103 
112.632 115.735 120.044 
239.598 295.418 351.248 405.501 
114.495 116.24 117.927 116.631 
366.293 415.429 
119.69 121.88 
296.239 351.203 
127.27 129.483 
363.765 412.956 463.782 515.412 
134.344 136.471 139.175 138.8 
465.4 518.737 576.154 637.994 692.036 727.899 737.036 
141.465 144.734 148.963 149.3 151.037 148.98 146.165 
107.121 174.614 236.933 
137.297 138.065 138.114 
113.75 181.298 
147.228 147.14 
388.76 442.925 498.818 559.64 603.946 597.172 662.948 687.098 
156.057 158.612 162.017 163.108 164.249 158.68 161.749 156.053 
648.755 706.135 
154.533 158.2 
389.564 445.491 502.092 557.098 604.612 641.319 668.715 692.883 
164.951 167.588 171.143 171.928 173.471 172.248 171.608 165.841 
7.05823 92.0832 167.919 237.057 
161.626 161.252 160.389 158.18 
40.4428 115.399 
165.792 164.88 
324.588 367.917 
182.004 182.082 
277.1 328.736 
170.166 171.436 
454.529 514.415 
175.916 178.481 
372.102 429.585 501.235 553.732 588.739 
185.934 187.899 192.275 193.106 193.852 
600.798 664.071 
422.302 434.651 
608.381 671.751 
451.836 462.141 
302.103 377.092 
461.931 457.037 
410.612 479.137 
475.067 472.913 
142.082 211.266 272.96 324.595 361.268 388.769 
4.6037 9.22833 9.27948 8.4367 6.50881 6.39378 
476.248 541.244 
8.78991 11.4333 
12.0575 87.94 154.612 
27.4845 32.5182 33.1877 
315.41 376.256 472.103 510.401 
32.2138 35.3135 35.9402 34.917 
468.797 532.094 594.584 652.111 697.934 731.257 
43.6909 46.8811 45.3989 44.7956 41.6455 40.2125 
486.217 549.565 
36.1101 39.1859 
77.5181 141.977 
62.5045 65.4986 
169.651 225.792 
73.2198 74.714 
318.825 372.078 424.574 
62.4491 64.6801 63.0799 
109.654 171.289 
70.8555 73.2201 
172.923 230.401 285.423 328.751 362.035 
96.986 98.1497 96.1605 94.5704 92.6815 
261.317 638.032 
95.1968 117.834 
634.596 697.118 750.454 
100.976 104.662 103.772 
213.722 271.254 
99.2168 100.335 
247.043 302.103 364.618 
101.092 102.69 101.652 
255.415 313.741 369.661 415.304 446.314 471.943 492.967 
109.589 111.291 110.055 109.265 106.796 106.888 104.335 
33.1661 91.8719 
105.17 48.4847 
132.94 194.584 
122.629 122.909 
167.077 226.181 
133.843 133.881 
194.536 251.97 
135.557 136.136 
341.278 396.305 
136.645 138.855 
76.4496 154.069 
154.78 154.345 
116.196 186.952 251.978 304.437 344.459 375.294 403.662 431.155 458.748 483.773 502.101 518.755 535.417 548.759 561.298 574.606 607.928 657.961 728.75 750.66 750.652 
146.183 146.22 144.073 142.695 141.62 142.458 142.268 137.257 125.301 113.592 109.225 101.375 97.08 106.063 116.47 141.868 151.117 166.614 185.416 201.228 203.898 
564.617 620.367 
147.266 151.373 
480.563 540.723 604.628 
148.834 152.52 153.955 
466.129 533.911 
185.806 190.501 
617.244 689.043 750.979 
183.365 189.659 187.119 
474.528 535.284 
158 162.325 
33.1312 97.2367 
161.089 158.48 
590.559 664.632 750.737 
182.509 189.191 194.642 
605.339 676.991 
176.933 183.456 
590.58 655.967 
188.993 194.34 
27.4814 106.84 
324.392 311.283 
37.2034 112.923 
355.59 342.092 
317.009 369.601 423.665 445.338 504.396 516.821 
453.814 451.95 450.054 445.786 449.589 445.776 
152.927 212.067 
461.987 451.351 
14.5888 13.7481 
0.971213 0.482347 
75.4017 143.742 192.907 
14.8792 16.4589 15.6689 
217.083 279.579 328.714 
22.0842 22.1861 21.1866 
204.635 268.797 317.103 352.949 380.444 
29.4472 29.4057 28.3206 26.277 26.3186 
364.613 424.614 473.822 512.102 542.083 
38.1943 37.2933 36.5393 34.1901 33.7639 
375.377 436.215 485.412 526.241 559.565 
30.3871 29.5488 28.8657 26.5039 26.0512 
267.879 309.586 341.229 363.729 376.223 
45.2753 43.6991 41.6542 39.1695 38.4912 
380.426 438.009 
51.0746 50.3096 
631.359 750.473 
65.0581 65.9209 
282.941 327.93 360.444 383.709 396.255 
69.1085 66.8275 64.1354 61.0914 60.33 
12.0734 74.6306 126.224 154.635 177.088 190.402 206.253 
80.5689 78.8769 76.6086 74.7085 75.3428 77.403 79.1822 
71.2503 135.359 167.893 212.091 233.748 237.915 
87.0776 85.5264 82.4349 81.1212 81.2903 82.1124 
185.509 243.023 
82.4598 80.7438 
0.363385 13.7375 
114.582 108.103 
157.969 221.302 
128.897 126.512 
91.2453 152.086 
138.812 135.389 
396.287 451.294 497.153 532.916 558.766 575.431 
134.06 133.196 133.031 131.257 131.066 126.876 
267.989 335.392 
138.518 137.407 
243.13 301.957 347.756 387.145 
146.236 144.753 142.991 142.109 
576.5 650.47 719.622 751.156 
179.096 182.191 187.45 179.124 
550.141 613.56 
160.13 161.926 
594.313 657.501 
162.031 163.405 
617.112 689.568 
178.601 182.175 
586.277 687.861 
184.366 191.672 
568.657 638.672 
280.532 286.061 
168.386 231.573 
283.228 272.246 
618.818 691.306 
288.892 295.791 
138.812 150.298 
381.31 422.767 
216.461 270.148 315.054 350.174 380.122 409.521 448.816 485.381 518.695 538.721 
443.889 434.357 429.552 426.458 426.699 425.711 420.875 408.193 396.822 393.245 
451.646 522.623 
458.07 460.616 
610.42 674.587 
9.34886 7.71511 
12.0767 67.9229 
10.5581 10.2918 
82.0947 134.586 
21.0185 20.3605 
17.8814 64.5815 
21.9693 22.1317 
617.916 677.933 
23.7738 22.4162 
532.033 585.384 
58.1308 57.7845 
315.424 353.758 
68.3701 65.5284 
355.414 397.101 400.428 
71.2916 69.271 65.2619 
588.776 636.326 
72.4211 71.5948 
373.036 407.251 435.514 455.566 
95.6849 93.6506 91.0975 90.5154 
172.9 218.761 
85.6539 83.5904 
667.96 713.888 
87.6054 86.4786 
0.289759 118.808 152.011 177.9 192.926 208.752 223.734 237.063 250.32 262.869 274.526 287.917 300.45 313.773 
89.6162 92.1615 90.5764 91.5025 93.5445 95.2916 94.1596 90.9774 87.5182 80.6814 68.5373 61.1413 62.9511 80.9264 
519.683 563.122 597.213 618.892 638.031 612.924 635.446 657.268 676.457 698.104 
105.707 105.288 102.853 101.741 96.5853 81.6892 59.5608 40.3032 34.6974 24.2117 
526.201 569.662 
94.6057 94.1331 
698.696 750.495 750.508 
108.813 109.188 103.913 
694.527 706.223 
117.125 115.002 
22.049 72.9486 
104.946 101.782 
452.984 499.606 534.643 561.262 
118.761 118.497 116.312 116.092 
172.163 217.955 
119.388 116.647 
517.078 560.425 
123.812 123.66 
217.982 260.419 292.872 315.206 334.48 
123.027 120.394 118.38 118.52 118.424 
307.132 342.704 376.942 
132.25 133.965 132.595 
451.306 496.335 531.332 557.115 576.252 
138.105 137.855 136.249 135.908 132.055 
244.641 299.545 353.063 
155.616 154.478 148.252 
370.158 412.486 
141.469 140.937 
151.71 198.894 240.248 265.225 
153.818 150.661 149.819 150.097 
290.34 346.18 387.042 413.739 
161.953 161.794 160.738 160.506 
572.596 624.292 
162.744 164.608 
442.911 483.742 
180.477 180.491 
325.503 379.682 
166.184 166.179 
98.805 158.799 203.786 238.799 
178.116 175.597 174.648 175.935 
76.9547 127.904 172.904 
185.555 182.618 181.785 
655.447 715.506 
200.082 204.536 
162.163 223.58 
199.802 198.352 
578.833 628.892 672.3 707.182 742.18 750.554 
459.112 465.567 467.759 468.292 462.429 441.241 
423.958 468.914 
470.196 470.536 
398.121 439.165 476.703 507.696 
449.35 448.098 447.016 447.192 
426.309 470.415 508.061 540.34 
464.152 464.595 463.823 464.153 
140.381 178.723 202.908 
2.36412 1.60626 2.32588 
139.642 175.474 
10.8798 10.3606 
323.818 357.128 379.603 
17.9584 15.8947 15.6051 
55.4415 92.9611 117.979 136.253 
16.5553 16.0997 17.2232 20.2878 
175.447 212.097 237.105 
22.2763 20.8061 21.477 
132.843 162.867 180.347 
31.78 30.5423 31.0433 
635.465 750.425 
31.6254 31.0109 
135.418 164.547 
59.672 58.0006 
204.558 238.905 
38.7524 37.0728 
378.818 387.045 393.689 
46.4632 43.0287 41.5475 
569.557 603.747 596.244 607.9 
54.2839 51.3214 48.9141 43.7592 
411.578 442.258 
49.4528 46.1709 
706.231 738.715 
60.8206 57.1025 
201.222 234.687 258.119 
92.9264 90.9381 92.2673 
101.191 132.86 
77.8425 76.1593 
277.005 305.384 367.937 
73.2502 70.9023 73.4245 
21.1141 55.2348 75.3114 91.1799 104.588 119.568 132.87 143.741 
83.5225 82.3618 83.2969 87.243 92.7992 97.3998 98.0156 95.2842 
411.163 440.376 468.71 500.372 503.748 570.412 530.399 544.558 
82.5308 80.2176 80.2523 78.165 68.752 49.489 37.714 32.6408 
58.6844 91.9291 112.836 
87.0287 85.6375 86.4764 
256.302 287.949 311.269 328.743 
88.7825 86.5534 86.7837 86.4104 
639.64 676.311 
95.4108 92.8416 
64.5096 97.8432 119.513 135.381 
96.2234 94.5747 95.4264 98.5692 
22.0714 55.464 77.1256 92.9207 107.922 
100.527 99.0891 99.9785 103.7 109.428 
386.416 406.981 434.389 
100.487 95.9035 96.3728 
333.728 362.943 
112.349 110.091 
63.7618 96.2722 117.045 133.722 
104.446 102.65 103.42 106.77 
120.42 153.651 178.009 195.407 207.884 226.222 241.152 253.712 266.976 277.886 
108.701 106.732 107.467 109.774 111.408 110.432 107.345 104.054 97.3837 85.6409 
197.055 228.764 251.236 269.629 287.911 305.421 322.093 335.366 348.733 362.076 374.614 386.322 398.838 426.296 466.301 517.938 579.576 632.213 678.127 748.702 750.63 750.594 750.665 
132.378 130.273 130.576 131.459 130.586 125.681 119.775 116.188 109.305 100.182 98.4869 103.374 123.589 135.601 148.945 161.048 177.135 186.219 206.719 230.7 257.892 273.03 276.998 
750.475 750.477 
127.121 122.078 
327.886 359.53 
129.913 127.681 
535.397 567.916 598.814 628.791 
136.46 134.587 134.744 130.637 
364.607 408.738 425.432 
134.349 133.883 132.764 
561.217 593.763 
135.801 133.598 
98.7444 128.748 
142.976 140.431 
613.634 651.955 672.822 705.311 
158.38 156.899 155.722 150.362 
136.307 166.286 
146.532 144.23 
666.86 719.327 
197.189 197.555 
271.848 307.363 
158.884 157.335 
307.911 350.431 
162.975 161.949 
645.792 694.472 
192.792 193.118 
0.0808464 26.3297 
185.263 191.611 
90.5238 137.877 
178.493 177.788 
207.566 251.729 284.813 
180.423 179.503 179.92 
527.906 580.407 
187.188 188.012 
670.326 722.236 
190.631 191.345 
184.09 239.867 
222.008 221.769 
439.828 477.658 508.144 542.328 
471.102 469.748 469.524 466.874 
473.581 510.315 540.591 
479.433 478.305 478.087 
112.913 127.909 
0.610693 1.04967 
280.358 326.11 
3.10537 4.88047 
227.052 252.898 
2.70337 3.2047 
329.581 359.581 453.749 
1.50909 1.41048 1.41206 
634.591 692.077 
1.75793 0.698553 
103.743 128.734 
9.7632 10.8628 
182.083 211.233 
12.9374 13.5602 
228.771 253.756 
14.0446 14.415 
0.359105 17.882 
15.7825 17.0402 
512.104 543.819 
22.4194 21.834 
364.563 394.562 
19.2195 19.2767 
100.497 125.421 
21.819 22.988 
178.719 204.561 
23.7041 24.4263 
286.148 314.557 
27.1401 27.5844 
206.215 232.071 
32.1038 32.4666 
167.6 185.997 199.282 210.192 219.27 228.796 239.248 248.947 261.094 
30.3696 30.2426 31.9668 33.6112 32.0105 29.5758 25.4683 16.9162 3.661 
300.291 319.636 334.536 347.839 
65.4191 65.4332 65.432 61.2621 
454.581 476.233 
46.2926 45.7822 
495.427 516.3 533.802 
58.5635 57.8685 54.2335 
609.28 632.774 652.004 
55.1448 54.3291 46.0193 
346.34 367.133 
70.7437 70.5035 
89.5628 110.386 
88.9563 89.8979 
148.789 170.417 
93.2085 93.7522 
57.869 78.6801 95.4132 
90.9218 92.1168 95.458 
214.648 237.121 254.552 271.248 287.108 302.919 316.292 330.402 344.608 358.752 369.623 382.901 411.261 
97.8333 98.1799 99.3489 98.9005 94.4164 88.7748 85.1135 77.7417 67.5341 64.2396 68.6557 88.961 101.033 
251.206 274.525 293.721 311.246 
98.5842 98.8672 99.4395 97.5748 
100.414 122.906 
99.609 100.536 
288.628 311.131 
101.011 101.043 
424.57 450.383 468.792 
108.854 109.02 106.69 
485.407 510.482 532.124 
114.626 114.279 111.043 
34.0949 52.691 
112.359 111.766 
217.919 240.457 
114.55 114.747 
296.35 240.457 
121.882 114.747 
405.462 418.678 
127.538 126.084 
540.402 566.197 587.921 
128.914 128.571 124.523 
441.124 466.256 
139.786 139.528 
160.407 180.454 
139.676 140.021 
535.265 560.385 
141.152 140.768 
631.319 657.904 
150.384 149.792 
146.445 176.126 
166.232 167.407 
426.362 459.727 
166.054 166.532 
190.633 240.287 
427.066 426.289 
329.693 437.26 
388.755 405.427 
644.027 696.417 
469.849 472.169 
194.599 213.76 231.253 242.888 257.904 
19.9957 21.589 22.2336 19.1157 13.6364 
182.55 195.959 207.277 217.455 
58.7116 60.3674 61.9658 60.486 
647.885 671.233 
53.6048 47.7005 
697.939 717.93 
66.4879 59.8397 
324.516 340.393 
70.5813 70.0558 
522.961 540.468 
80.5707 76.8869 
693.781 712.937 
90.6853 84.0563 
29.6647 43.8594 57.1449 72.0778 
95.4163 99.8878 107.194 113.961 
750.533 750.463 
100.95 92.5103 
254.131 272.621 291.032 
146.321 147.932 147.932 
311.292 327.913 346.244 363.768 
103.914 103.826 100.745 92.5884 
26.2136 43.7074 
109.216 114.3 
669.537 695.428 
110.294 104.336 
750.465 750.471 
118.896 110.18 
750.524 686.192 
139.921 127.155 
362.719 394.566 
150.789 150.7 
147.033 163.681 179.578 
140.934 143.808 147.218 
219.553 235.43 250.408 
144.032 145.239 145.627 
182.146 197.925 213.738 
147.298 149.489 151.478 
155.38 226.811 
312.364 317.101 
502.294 535.464 
461.197 458.532 
380.451 443.785 
434.445 441.098 
145.409 159.597 
2.9033 5.91491 
34.5528 51.2514 65.3954 78.8034 88.754 100.372 
21.5426 28.8734 35.0873 36.7745 33.7872 26.6889 
147.07 162.938 177.889 190.392 
24.3987 27.3674 27.5262 25.1938 
252.088 269.593 277.071 286.227 292.87 
33.4774 32.4825 27.7532 21.8837 18.3553 
281.666 298.422 314.097 329.018 344.349 359.371 376.882 396.232 412.639 428.545 
38.7716 37.9387 37.0496 29.648 22.9409 12.103 2.04935 0.416385 2.90145 24.5645 
0.343226 0.402275 
55.906 64.334 
225.427 241.255 
65.0905 65.792 
387.027 400.408 412.101 424.653 389.597 451.3 416.244 431.248 492.129 456.215 482.079 509.563 562.905 
72.4449 67.0253 55.8595 45.4877 44.7514 32.6563 27.8087 29.002 37.5137 58.4283 68.8549 80.9051 91.4701 
473.771 488.764 503.777 518.773 532.89 547.971 564.58 580.418 592.946 604.596 634.611 688.799 
79.9901 71.6661 56.064 42.3731 37.5918 28.5353 23.6973 34.0843 45.4941 72.7309 79.7725 92.5507 
171.224 184.589 
79.2755 81.7035 
126.269 141.284 156.257 
92.6114 96.8941 99.0164 
693.777 717.908 
98.9274 82.6878 
467.85 485.488 506.249 
96.5913 88.2506 72.9319 
425.395 445.383 
128.212 121.991 
442.921 474.56 504.587 524.581 542.926 
130.366 124.308 109.887 96.1838 91.4908 
585.414 608.784 632.069 655.373 673.78 694.537 714.56 725.351 
137.12 125.165 103.857 85.491 80.0653 70.5485 70.3885 90.0498 
197.971 213.759 
155.511 157.735 
229.311 255.56 
162.557 163.319 
465.141 501.413 
403.336 395.714 
539.196 576.684 617.693 648.679 671.949 696.125 705.295 
444.707 435.178 417.128 401.139 396.856 390.215 391.514 
578.793 616.577 650.66 684.622 
462.694 450.876 428.557 411.801 
342.087 242.888 
19.7909 19.1157 
679.332 698.819 
31.1901 4.59808 
202.92 212.175 221.321 232.198 243.023 
34.3098 32.8005 29.4761 25.7107 18.0771 
501.982 516.395 530.528 
35.3222 17.0353 2.0897 
456.267 467.951 497.945 510.474 523.828 540.408 555.418 
55.8955 42.0194 28.2589 23.5662 14.6021 8.60789 17.3756 
551.254 566.294 583.766 
65.4026 46.3314 29.7773 
310.418 327.063 
80.3444 74.0369 
247.084 249.576 267.075 273.771 
82.0373 79.3574 74.4804 71.471 
353.723 367.068 383.691 399.516 414.549 430.383 445.426 460.418 473.799 500.375 
97.9154 89.4844 80.9233 76.7144 69.0341 61.0228 63.4161 70.3965 93.2206 103.517 
517.108 538.718 557.846 
102.76 85.9126 71.014 
512.898 533.762 
106.013 89.4228 
609.573 634.546 
105.026 83.3024 
606.248 629.604 652.994 672.169 692.143 750.469 728.742 742.908 
108.804 87.1528 68.3445 62.5222 52.8971 50.7122 72.5622 88.917 
352.884 370.404 386.214 401.225 416.221 
115.355 106.972 98.8281 94.9453 87.4229 
42.6766 63.7448 
130.498 137.071 
551.268 572.89 592.893 610.389 628.679 647.032 662.076 675.45 689.589 
123.162 104.972 89.2081 84.1839 75.3128 73.502 89.1618 103.048 132.011 
714.609 746.271 750.496 750.46 750.466 750.446 750.434 
140.585 113.575 91.9472 87.0172 78.6976 81.3079 103.152 
517.847 544.591 566.344 587.182 611.367 
137.123 120.573 105.829 100.738 91.7972 
716.233 742.086 750.476 750.485 750.496 750.458 750.448 750.468 
149.991 123.184 101.673 96.7198 88.4509 91.0171 112.744 128.755 
302.005 313.742 332.896 350.406 367.892 381.204 396.319 412.045 426.166 456.076 499.345 555.359 
148.856 142.979 136.535 132.644 125.684 117.561 117.285 123.41 144.529 156.488 171.103 185.864 
87.0983 124.67 115.393 
2.20115 1.41388 0.206916 
69.5871 73.8265 
13.8008 16.0981 
518.383 532.909 
47.1152 32.1339 
355.131 366.398 378.873 
24.5547 15.3485 10.4095 
362.652 373.709 
24.5661 15.3689 
448.731 460.391 472.023 498.724 498.693 513.777 526.327 537.988 562.955 
50.7621 39.2241 34.6858 25.0752 19.3735 25.8818 34.956 60.4627 68.5244 
485.415 493.779 
49.5564 36.5416 
505.457 521.248 534.727 549.69 566.334 579.65 
64.1095 50.3813 45.7231 36.8213 32.1979 43.3072 
2.09162 9.5709 13.7672 18.7707 
74.078 79.3896 77.3315 71.5676 
327.944 342.951 357.973 372.14 387.119 402.082 415.415 428.704 
91.131 84.2045 80.2687 72.7331 63.5835 63.0326 68.7921 90.2699 
444.595 462.094 478.788 495.466 512.947 528.744 542.911 556.22 
91.1358 79.7902 75.2565 67.0484 61.3309 68.9549 78.8347 104.082 
309.513 326.405 340.952 355.251 368.139 
144.591 139.666 138.784 136.101 131.235 
459.584 485.45 497.946 512.921 509.579 523.763 537.942 550.474 582.949 631.234 
109.01 97.0416 92.824 84.6705 80.1813 87.6275 97.6159 122.398 131.737 146.413 
534.774 554.935 
112.889 98.2668 
750.416 750.449 750.459 750.469 750.432 750.431 
144.75 122.198 116.495 108.24 111.289 133.422 
403.123 424.335 
144.809 136.082 
194.579 208.739 218.745 
148.487 146.865 144.489 
311.253 343.745 370.397 396.225 
176.045 168.521 163.861 157.079 
218.749 256.202 
195.425 190.831 
161.478 202.549 
220.911 217.836 
30.5466 51.3336 
228.583 233.291 
0.334019 105.375 
450.17 448.276 
371.859 384.212 
44.5984 40.4379 
428.753 441.994 
31.2793 26.9267 
227.381 237.743 
57.8643 54.6132 
265.425 297.123 285.428 320.412 334.583 
58.0154 52.5022 47.2042 33.6858 28.6605 
510.397 529.59 548.755 562.908 588.75 
58.3229 53.5737 44.451 39.7268 51.2536 
750.462 750.52 750.453 
61.9767 56.9322 48.4125 
467.04 481.193 497.86 515.393 534.595 548.787 559.547 
76.3139 72.003 63.7625 58.1819 65.7377 75.5637 100.851 
379.613 394.622 409.616 426.279 441.245 454.596 467.863 
84.166 80.0908 72.5251 64.3266 66.2125 73.4775 96.1324 
750.501 750.531 750.484 750.461 750.437 750.47 
85.1488 80.5077 72.196 74.7738 96.857 112.712 
174.529 186.209 197.892 
95.4888 92.3587 85.9384 
233.75 244.598 258.809 271.262 
93.7464 90.594 83.6029 71.4655 
588.723 616.251 643.682 674.556 688.776 711.255 
121.417 115.441 106.572 105.924 123.929 139.513 
554.589 584.59 607.095 641.252 656.215 
121.619 115.651 107.459 105.658 121.869 
91.2808 103.76 116.266 124.597 134.545 143.759 156.196 183.721 225.415 276.176 330.292 373.637 406.967 449.365 502.776 558.717 607.051 664.568 
131.247 129.005 123.253 107.692 91.3802 88.6202 101.824 118.292 129.605 135.288 143.031 147.022 158.588 179.222 225.797 250.719 256.481 250.524 
461.249 482.077 
133.664 129.347 
288.743 312.011 
143.183 140.24 
242.93 255.419 267.072 319.59 328.767 337.951 347.936 373.76 
148.261 145.488 139.322 127.635 123.327 126.65 145.234 157.807 
344.565 362.074 387.088 402.907 438.884 448.676 426.878 451.135 501.094 566.875 
171.524 167.514 160.834 154.709 157.7 166.254 184.543 197.354 215.076 235.146 
418.753 437.083 446.246 
169.951 165.368 158.554 
382.906 412.856 437.053 447.914 464.598 
172.899 168.133 161.217 155.867 161.004 
42.8176 58.7799 75.5738 86.3518 94.5151 94.6393 
177.395 175.584 170.415 155.215 138.065 136.378 
33.7572 47.9325 67.17 77.0034 85.4409 93.7427 
185.455 183.833 178.336 163.304 145.629 142.831 
575.416 597.946 620.398 
367.089 363.276 356.563 
614.634 635.466 664.605 665.435 
373.094 368.896 362.589 362.704 
591.254 603.756 
412.044 407.027 
0.275554 18.0076 87.7949 138.578 171.917 
413.991 404.669 403.952 399.959 403.775 
686.249 717.95 740.435 
418.756 415.067 407.698 
112.938 196.358 278.853 346.274 398.871 
432.757 430.365 430.387 433.582 452.302 
419.604 521.978 
460.26 456.28 
246.223 318.761 
433.152 427.813 
262.055 356.277 
466.437 464.39 
0.200599 81.5471 
440.612 438.649 
101.089 193.104 
463.236 462.308 
436.885 450.432 
36.2515 27.9166 
368.634 382.164 
44.5533 37.0671 
204.66 217.943 
21.0841 13.1368 
323.654 339.522 
46.9884 38.9759 
573.68 592.02 613.717 630.418 646.246 
66.0963 57.097 53.9337 67.7649 80.5167 
109.562 119.583 
70.0667 63.7389 
247.9 260.386 
70.9979 64.2334 
592.912 605.401 
93.6792 85.1357 
359.58 374.544 
97.0241 89.7009 
579.834 598.409 
97.3524 87.6317 
24.5738 33.7487 
109.397 103.722 
94.614 104.539 112.904 
114.332 108.783 92.4851 
18.2073 33.7188 44.4737 53.7909 65.6493 80.6406 114.143 159.701 214.395 
121.218 116.052 98.569 77.6218 73.0905 83.9576 104.004 115.156 120.968 
449.862 471.186 
166.43 158.714 
308.73 332.077 
169.103 162.549 
482.082 510.429 538.766 559.592 583.765 607.062 658.735 
170.249 162.921 160.022 171.127 184.439 212.245 225.541 
474.582 451.256 
189.328 182.604 
37.1597 53.0592 
235.777 231.873 
205.414 250.412 286.244 313.737 
268.827 263.898 257.184 258.026 
750.462 750.493 750.5 
379.799 370.878 372.792 
719.739 742.259 
409.369 402.357 
644.586 669.586 
411.227 404.561 
32.1191 98.7338 149.643 185.527 
415.104 413.894 409.995 414.852 
714.621 736.25 
421.756 414.584 
94.0252 166.586 
424.027 423.376 
340.571 432.916 
440.627 439.587 
519.675 521.108 
462.132 450.249 
296.382 365.346 
444.303 441.906 
192.876 275.406 
446.603 446.331 
262.045 348.677 416.169 
457.416 457.758 462.71 
437.971 482.132 
449.115 442.48 
295.269 410.344 
451.782 454.558 
335.367 427.034 
466.191 466.172 
269.61 332.964 
478.496 475.738 
562.934 576.257 
23.0955 18.8444 
457.159 470.401 
17.9149 10.1587 
612.194 638.866 
14.8699 11.3259 
248.853 260.918 
47.0661 33.7956 
593.012 613.073 632.093 647.081 660.503 699.547 750.506 
33.1619 29.4926 43.0244 56.2976 84.9588 91.2004 104.132 
589.65 607.967 624.572 639.525 
60.5752 57.5063 70.9296 83.9834 
476.259 463.752 
78.1481 72.3754 
541.471 566.901 
106.768 104.021 
35.0178 46.0709 53.2638 
143.064 126.596 106.382 
118.561 131.985 
123.72 107.446 
270.403 293.753 300.38 309.528 318.681 
136 124.697 118.92 121.445 138.788 
312.083 341.239 
180.964 173.408 
259.567 284.59 303.813 310.487 317.203 340.496 373.912 448.881 504.68 503.953 534.869 582.473 653.261 
186.166 175.461 170.298 173.028 190.305 203.046 215.003 229.636 244.956 243.714 260.182 283.979 331.467 
217.083 227.902 226.977 231.133 233.572 261.074 294.275 334.307 380.154 
210.315 198.951 189.555 189.985 204.3 218.55 229.248 235.229 244.033 
271.247 299.548 322.828 
218.905 211.247 210.456 
268.759 302.078 
223.869 216.383 
90.5358 95.5322 102.246 108.795 113.827 
225.058 212.626 196.453 194.943 208.849 
295.032 361.923 
420.308 423.206 
258.75 312.947 
402.082 401.837 
629.589 719.746 
456.204 470.92 
144.469 196.206 
437.274 435.743 
276.234 344.492 
438.048 441.031 
457.881 531.316 
451.547 459.174 
688.791 736.253 711.281 750.476 
25.2638 43.7186 58.8375 91.2157 
553.692 565.415 583.746 592.047 
37.9741 47.7064 59.0621 85.0624 
598.772 613.794 613.852 639.643 676.258 730.429 
45.161 57.6245 67.3619 97.6352 104.539 117.844 
652.091 667.881 
48.6613 64.8114 
207.867 219.584 231.229 
71.9564 60.3911 60.0848 
203.771 214.581 225.427 
75.0386 63.0395 62.7375 
431.269 446.231 
80.0294 82.5648 
482.061 496.287 
78.1606 83.7344 
400.409 412.87 
81.0904 81.3299 
637.069 654.534 676.245 701.28 
89.8176 105.103 119.665 149.262 
635.466 655.645 674.097 
93.6178 110.171 124.588 
557.962 575.355 
166.161 170.405 
322.928 331.21 341.169 350.301 
124.113 119.911 123.297 141.602 
44.4426 47.9505 
127.934 107.855 
76.8841 81.2739 
124.152 105.363 
364.58 372.959 383.764 393.788 426.211 
126.873 125.331 130.23 150.066 162.513 
276.242 284.588 292.951 
128.263 121.119 123.289 
234.888 237.749 242.998 
174.39 164.603 165.352 
493.815 512.854 530.431 
154.522 162.657 173.435 
418.753 437.105 
150.907 154.255 
41.3034 47.1436 
163.592 142.719 
539.588 563.818 590.496 619.643 677.119 
180.198 192.08 206.383 235.828 250.974 
202.16 204.357 
248.73 246.964 
141.904 143.276 149.424 
294.074 291.158 301.107 
544.509 575.544 
210.221 223.901 
501.278 483.782 
222.213 229.254 
270.783 297.344 327.27 
245.783 245.65 255.559 
564.692 595.694 632.129 672.122 
225.834 241.471 258.974 293.009 
587.087 623.659 
257.915 276.303 
578.789 616.275 
272.257 291.038 
89.0168 88.8369 93.9282 
272.154 257.451 256.259 
44.9865 33.0703 
366.967 330.354 
638.572 695.395 
386.328 414.963 
435.459 435.427 
414.244 426.192 
392.792 431.195 
431.27 449.022 
249.579 291.224 
422.943 434.714 
242.994 287.978 
427.351 439.255 
237.017 269.489 
460.054 471.73 
274.473 286.575 
25.4246 26.2397 
276.126 288.877 
0.308974 0.388993 
664.831 682.661 
0 3.08572 
487.917 501.236 513.722 539.569 583.721 643.756 
14.4398 22.478 47.4842 56.5768 68.7165 79.438 
592.088 668.736 
30.289 43.4457 
34.5765 44.5539 
28.2159 21.783 
137.073 149.523 162.809 189.506 227.066 
29.7459 26.5193 41.0743 58.351 70.8098 
391.321 405.374 418.838 
64.6556 70.4598 91.2507 
286.258 299.581 
44.1995 45.4925 
44.6092 52.111 76.2782 94.562 133.676 187.815 242.068 283.023 323.059 348.32 
63.1502 57.4913 69.3083 87.3655 98.9367 103.226 108.882 111.221 121.124 139.077 
275.418 287.065 298.751 
63.54 65.0872 82.8988 
378.214 389.83 401.294 
124.591 127.898 147.919 
119.625 127.994 
75.191 71.8564 
122.74 131.867 144.577 170.918 210.299 257.588 
98.1676 95.4842 107.888 124.875 136.617 142.308 
365.42 374.568 
116.148 120.664 
337.13 353.621 
144.744 149.338 
240.461 246.331 254.627 274.552 307.762 349.396 397.141 433.5 462.029 502.284 559.885 615.826 
162.237 162.9 178.395 191.529 202.438 209.046 218.471 223.167 236.458 257.771 304.347 331.453 
361.96 387.822 407.852 452.052 
173.936 181.404 203.432 219.027 
569.535 596.977 632.362 
192.944 206.58 245.063 
68.0882 72.1649 
199.786 197.012 
270.426 282.991 
196.131 198.967 
600.026 634.139 
227.32 244.076 
205.03 210.582 
200.725 200.625 
323.748 350.426 
215.438 223.679 
300.237 330.354 368.743 424.485 
250.985 261.667 289.626 313.513 
117.176 123.025 
253.328 252.596 
5.18494 3.5377 
461.765 463.556 
605.367 616.516 
2.0722 32.5653 
592.337 603.5 634.004 
36.3078 63.2727 70.0704 
591.987 601.984 
4.36966 31.8499 
612.908 624.662 
5.41479 33.7697 
320.42 332.092 352.095 388.742 432.901 487.947 533.661 579.677 617.043 682.079 
31.1171 50.2771 63.4323 75.6075 84.047 94.9592 99.2437 114.318 131.83 169.962 
387.083 400.445 426.269 465.475 519.619 584.558 640.461 688.772 750.503 
37.0904 58.3012 69.9182 82.3354 92.3355 104.908 109.853 126.852 144.288 
750.458 750.525 750.456 
50.8667 82.0111 84.291 
182.052 198.72 220.353 
57.7425 72.4691 88.1705 
63.6923 77.2428 109.862 
101.263 113.029 131.453 
610.61 622.674 665.195 728.58 
128.789 150.779 159.291 176.669 
42.0147 54.6014 
104.452 115.04 
105.763 116.693 
106.444 117.527 
714.595 750.478 
116.879 148.879 
595.204 615.169 
178.497 204.739 
382.903 392.099 417.137 449.55 
136.434 156.094 168.197 180.754 
478.886 507.25 
169.812 194.969 
637.244 678.079 
259.192 293.565 
473.764 483.752 
225.29 249.568 
671.916 724.973 
303.037 343.302 
214.703 226.088 263.141 
307.542 328.465 349.584 
248.767 289.617 361.176 
322.824 351.096 379.077 
671.254 710.418 
28.6348 33.6457 
578.743 605.415 647.071 
54.7015 62.1295 74.0768 
535.452 553.751 602.218 665.482 
76.6904 84.5569 98.0888 110.441 
314.489 341.175 374.481 354.535 452.92 
98.3662 111.864 123.784 127.716 142.049 
668.934 692.966 
99.5583 103.472 
697.126 737.916 
108.548 114.589 
191.422 216.27 252.716 
104.364 119.554 130.764 
527.003 555.44 600.362 
116.907 126.042 140.05 
653.743 689.536 
126.322 133.701 
263.693 287.884 
133.572 147.572 
302.917 327.913 
140.41 153.786 
88.5886 121.201 
151.233 169.268 
117.555 148.17 
146.19 163.553 
523.414 557.127 605.598 671.792 
154.722 165.907 181.766 200.64 
215.532 242.243 
283.656 312.833 
379.663 430.414 
248.252 267.934 
486.169 491.307 
304.269 318.407 
520.521 491.307 
309.788 318.407 
226.002 264.399 
314.846 334.591 
220.618 257.216 
322.388 342.821 
383.742 426.244 482.082 549.562 
29.9837 42.4747 51.3187 62.6478 
478.753 522.923 
28.6302 40.8796 
520.415 579.605 
34.6822 46.8728 
427.944 467.941 522.946 587.986 643.771 692.103 
63.0277 75.4263 85.6288 98.4928 103.426 121.029 
101.249 134.596 186.245 242.043 
69.5958 81.8723 86.3127 92.5186 
645.428 697.115 
89.4567 101.423 
266.23 258.756 307.893 361.202 402.105 
90.8044 100.309 106.55 115.059 118.554 
167.172 205.468 254.643 307.225 348.096 379.873 419.823 468.99 514.788 558.097 608.106 
101.737 113.095 118.133 125.088 128.246 138.596 158.873 206.584 229.859 233.045 225.413 
428.154 467.483 518.46 
160.371 172.794 185.372 
750.498 750.457 750.528 
122.4 133.962 145.763 
533.639 573.716 
118.194 131.582 
593.811 647.07 
127.309 142.217 
342.89 323.009 367.152 418.675 418.84 450.18 494.612 
151.574 158.596 165.705 175.888 174.071 186.584 207.772 
663.784 725.388 
174.53 191.304 
350.189 384.324 428.756 478.653 
164.6 176.237 186.174 203.979 
537.861 589.972 
194.156 212.826 
517.951 561.284 642.24 
200.107 217.643 241.957 
234.218 270.156 312.969 
227.018 241.494 246.319 
255.226 287.694 
223.998 235.053 
306.282 337.89 
239.365 250.579 
545.313 555.407 
268.655 286.309 
750.573 750.54 
373.698 402.343 
367.062 431.779 486.952 
364.691 390.603 416.349 
50.8209 86.4839 
354.155 366.201 
341.316 386.332 
382.634 405.115 
339.583 392.088 453.765 502.944 544.642 597.109 656.211 722.918 750.481 750.46 750.518 
29.6878 37.6117 47.3164 50.1887 63.1898 81.0447 119.19 135.443 140.244 129.514 130.992 
432.918 489.592 556.247 615.406 664.573 733.747 750.478 
30.1133 39.0217 49.7193 52.5688 67.392 83.1023 115.187 
666.249 745.402 
32.1252 42.6663 
174.583 217.09 258.747 280.4 310.377 
32.1262 38.421 45.4848 47.5675 56.1835 
222.918 275.416 332.934 375.406 
32.7629 39.6198 48.124 50.7993 
348.744 402.075 462.072 509.579 
33.6747 41.7 51.6554 54.762 
502.09 562.082 
34.9762 44.6414 
331.252 385.424 
38.2955 45.933 
391.251 446.248 
39.437 48.191 
418.755 472.08 529.581 
44.156 53.0921 63.8953 
114.538 169.534 226.209 267.065 300.286 337.779 
65.424 70.3183 76.7515 78.963 87.4834 108.537 
554.598 610.412 681.263 
99.2914 111.324 126.922 
469.617 522.939 587.891 643.01 
114.81 125.963 140.672 147.883 
495.432 551.255 
114.333 126.185 
154.33 207.486 264.025 306.809 340.368 
142.945 147.945 155.425 159.596 170.455 
259.582 307.135 359.554 398.811 431.299 475.348 529.804 
117.097 123.211 131.488 134.997 146.796 167.507 212.911 
147.979 202.15 259.622 303.815 337.872 382.103 434.74 486.289 532.817 
123.122 127.375 133.486 136.69 146.484 167.812 217.707 242.61 246.078 
139.617 192.032 
153.981 158.718 
234.024 288.583 334.079 374.874 407.256 
157.855 165.489 172.422 177.758 190.772 
272.291 320.591 
156.018 162.1 
287.096 332.914 382.073 
155.295 162.108 170.483 
407.122 453.781 510.389 556.304 
161.669 171.823 185.599 193.442 
47.051 102.217 
164.652 166.783 
465.369 516.201 577.013 627.888 671.194 738.638 
175.887 188.292 205.012 214.743 235.685 260.966 
145.783 194.443 
179.195 185.247 
191.314 241.287 297.944 
182.84 188.544 197.072 
419.462 467.092 521.01 566.708 
220.263 231.905 247.854 258.644 
446.392 495.515 549.68 594.609 630.674 688.872 
224.358 237.343 254.113 264.47 285.293 312.497 
604.437 670.318 
228.273 251.854 
371.275 419.594 
244.418 255.361 
190.527 234.636 
235.614 241.098 
335.473 373.782 415.413 
257.429 264.381 273.77 
99.5111 152.004 
275.742 278.977 
107.949 159.186 
350.41 387.135 
197.092 241.296 290.507 
293.797 299.083 307.406 
402.088 449.398 
314.564 331.12 
437.884 490.26 
324.738 344.331 
362.178 405.493 
417.588 436.911 
318.678 365.899 
444.546 463.566 
415.376 469.84 
436.4 464.676 
750.429 750.425 750.432 
5.76866 16.5546 17.502 
303.801 357.23 
8.11462 16.433 
223.75 269.584 
18.7776 26.9646 
276.25 333.753 377.082 412.901 
18.7704 27.5088 29.9335 40.3992 
284.578 337.086 377.921 414.56 471.245 
28.9862 37.7696 40.2044 51.1132 71.5938 
542.082 613.755 683.751 741.24 
39.8445 51.0298 53.711 69.8889 
500.417 567.082 623.74 674.582 
43.7132 54.6289 57.6501 72.9525 
314.583 374.601 
44.609 53.3255 
537.075 615.402 
52.3878 64.3434 
682.083 750.425 
55.4244 68.4242 
251.243 309.605 349.613 383.034 422.96 
72.2064 80.1422 82.5395 92.5806 112.423 
351.264 459.508 
96.0191 110.43 
502.934 562.09 
142.739 157.027 
553.664 620.329 
145.577 162.077 
214.411 270.978 293.273 
147.685 154.888 200.907 
737.187 750.536 
166.992 180.399 
364.587 416.239 
168.72 178.818 
43.6317 112.083 
173.4 177.906 
17.0296 82.0096 
190.329 197.804 
502.124 560.382 
177.565 193.157 
412.659 461.252 500.801 
217.892 230.177 237.688 
471.093 522.341 568.76 607.75 665.33 
205.554 220.743 230.37 250.28 275.78 
499.692 554.668 
214.674 231.622 
257.525 300.107 
391.266 400.412 
57.8113 128.765 
230.945 236.126 
455.077 507.816 
258.677 275.174 
526.148 641.649 
479.546 479.041 
501.29 557.246 609.766 
306.905 329.814 348.156 
356.186 409.799 
384.765 407.879 
51.3368 101.583 
0.122457 0.166767 
514.582 570.416 
3.9905 4.13595 
417.924 465.403 501.25 
10.0736 11.4511 22.8679 
592.921 674.589 718.752 
13.3428 13.2262 27.4311 
463.751 512.916 555.415 609.595 
28.5194 30.6659 43.079 60.1668 
607.083 683.752 742.973 
39.0416 40.8985 57.1303 
326.255 369.593 405.444 448.768 
44.4258 46.7506 57.3489 77.4049 
637.393 698.145 
100.506 106.877 
282.928 325.475 357.933 398.843 443.824 490.381 532.07 580.441 629.604 
92.7953 95.692 105.292 125.438 173.658 197.752 198.952 190.002 191.66 
467.865 511.248 548.65 607.802 
108.525 112.943 127.151 147.429 
362.872 404.478 436.256 478.717 
123.323 127.115 138.707 158.983 
271.677 315.551 
129.481 133.682 
415.466 450.44 495.418 531.173 
138.306 141.909 157.077 175.94 
250.429 293.273 
193.435 200.907 
507.978 554.495 591.209 
200.883 209.216 227.27 
0.206861 44.5901 78.0296 
210.871 210.457 212.835 
554.591 600.289 637.075 
208.702 217.758 237.12 
56.2238 103.615 
204.435 203.813 
0.15297 26.4824 82.2332 130.468 
219.789 222.561 221.351 240.728 
79.7496 129.828 165.594 212.228 266.981 
209.69 208.47 212.35 232.09 286.619 
309.475 350.579 382.632 
220.397 223.759 237.972 
358.601 394.878 
317.139 325.545 
474.533 519.507 
270.625 280.7 
565.454 617.846 659.523 727.286 
290.26 305.674 331.442 364.794 
40.4394 88.2301 113.251 156.936 
304.532 303.961 306.487 326.9 
526.349 572.989 611.939 
305.047 319.339 344.173 
564.691 614.683 658.036 
317.504 334.248 362.563 
75.4943 117.26 
321.086 319.268 
502.255 549.442 589.536 
353.231 370.797 399.695 
434.598 461.246 
12.4826 23.4887 
518.748 561.25 612.093 
13.6348 25.817 42.5771 
623.753 686.249 
16.41 30.1195 
429.591 452.912 515.418 564.664 
20.5693 30.7393 50.4962 95.43 
251.25 287.085 
19.6396 28.3132 
276.253 310.41 364.576 419.617 
29.2126 38.2522 59.7578 111.19 
195.485 230.315 
35.4143 42.0853 
370.443 404.618 
37.5439 47.7886 
0.163254 20.6171 
39.4687 42.8798 
479.586 533.777 569.595 
39.4295 52.0907 69.665 
286.253 334.572 
38.572 48.2557 
626.256 679.595 747.916 
41.0219 55.6533 70.3779 
629.585 682.081 
44.128 58.8505 
707.917 682.081 
44.5888 58.8505 
157.883 194.562 
50.7169 58.0996 
603.719 655.394 
63.221 78.4472 
651.246 697.077 
67.1982 83.0453 
633.744 671.26 
69.0369 84.3 
377.008 410.243 451.168 
87.9478 98.6766 118.801 
278.689 309.497 350.302 396.142 
94.3455 102.78 123.913 175.263 
324.575 358.735 
110.485 120.523 
283.735 337.936 
103.055 114.432 
405.393 437.947 
103.191 114.332 
504.546 544.59 589.604 
114.969 129.528 148.556 
255.565 288.062 
112.963 115.466 
556.263 596.289 
119.409 135.026 
453.726 486.963 
133.105 146.222 
452.065 486.234 532.043 
138.897 152.192 172.357 
237.069 271.214 
140.16 147.967 
122.88 156.19 
145.823 151.198 
194.495 231.488 
142.203 152.913 
586.23 649.681 711.991 
152.255 172.189 192.831 
499.591 537.991 587.984 
150.356 165.777 186.612 
525.222 563.087 
150.52 165.854 
623.869 673.084 743.873 
166.167 185.979 208.728 
417.004 450.14 496.007 
175.744 188.797 210.614 
464.596 496.33 
175.346 189.194 
750.395 673.084 
183.083 185.979 
504.597 538.818 
184.501 200.074 
512.099 546.312 593.745 
183.653 199.26 220.445 
460.413 491.124 536.163 598.684 
187.937 201.848 223.337 268.322 
502.862 535.235 584.598 648.62 718.688 750.623 
199.876 215.431 237.845 281.198 307.484 315.946 
564.514 601.206 
192.512 209.81 
106.333 136.375 178.001 
200.042 203.763 223.483 
610.365 652.884 714.503 
202.384 222.255 245.847 
509.504 542.045 
196.675 212.26 
133.886 172.238 
198.718 202.228 
561.245 598.018 653.024 
206.273 224.147 247.444 
333.808 356.273 
432.879 449.51 
150.35 176.985 
237.555 245.15 
67.7475 99.2856 145.183 
247.181 250.691 270.077 
220.394 253.485 299.832 
240.348 253.671 279.533 
553.011 592.345 
255.007 275.251 
409.828 438.051 477.089 
246.984 259.969 281.834 
611.348 651.036 
290.44 314.521 
406.552 435.382 481.243 540.394 601.427 648.902 
252.701 266.36 290.437 339.655 371.468 383.295 
392.916 421.179 462.04 
273.853 288.904 314.13 
247.234 271.353 
430.439 383.685 
161.303 191.197 
307.136 317.882 
18.5367 50.4137 
336.509 337.075 
384.183 408.603 
362.18 378.827 
84.7602 109.955 152.69 
374.332 379.115 401.415 
192.03 217.009 
385.166 399.167 
535.419 576.222 
384.577 414.648 
152.783 178.834 
386.176 392.862 
153.925 177.811 
437.159 446.258 
603.998 649.923 
393.816 427.883 
389.835 431.315 
27.0237 47.0904 
415.641 458.838 502.803 
28.1674 43.6608 93.1387 
566.235 607.054 
28.5093 45.9122 
332.089 372.914 415.456 
27.6223 49.0265 101.067 
517.079 563.748 
37.3423 55.3056 
557.084 610.418 
37.8472 54.6608 
682.916 609.595 
44.6613 60.1668 
268.831 310.447 321.266 
76.2935 98.3827 152.163 
559.589 612.917 
56.0578 73.6659 
410.325 453.691 
62.3204 82.3524 
296.237 335.492 380.918 
123.811 143.753 193.808 
435.509 479.699 526.272 579.593 629.596 690.416 
97.8593 117.636 161.609 183.789 186.594 176.277 
493.73 541.254 
108.127 127.866 
636.446 696.38 
130.151 148.619 
479.487 524.577 580.463 
139.447 159.632 203.182 
485.316 479.475 
137.008 150.455 
417.811 459.797 
159.697 181.159 
593.8 648.749 728.792 
210.995 233.753 275.97 
134.482 170.444 
208.106 229.745 
248.749 292.933 
244.811 270.824 
522.77 567.831 635.232 750.305 750.681 
290.89 315.683 366.02 411.634 413.786 
486.742 528.554 
292.52 316.1 
209.502 254.881 
322.426 350.25 
478.134 521.256 
366.808 391.132 
161.213 202.683 
372.217 396.098 
140.609 181.255 
451.701 478.219 
231.586 280.557 324.099 
77.9251 140.397 165.43 
666.252 722.056 
31.4118 65.0109 
750.446 750.516 
46.8145 80.8198 
78.9047 142.92 
71.2946 140.279 
444.429 494.319 
160.611 206.419 
532.986 590.423 648.731 
166.589 209.52 231.517 
86.296 146.217 
180.233 240.977 
357.916 410.44 
194.26 246.245 
315.413 370.056 420.68 467.652 523.378 
219.45 277.101 305.906 314.785 317.727 
589.526 662.025 
234.009 278.241 
234.352 293.565 
268.953 329.585 
196.485 250.681 
382.643 446.306 
560.936 635.291 
369.507 426.229 
238.642 283.425 322.966 365.111 405.767 
136.281 165.451 162.922 157.919 161.265 
505.094 546.377 597.123 658.155 
51.2885 71.9552 68.9851 50.7994 
501.384 550.409 600.421 
107.594 128.667 128.809 
681.256 750.495 
210.329 230.738 
438.926 490.766 
245.413 272.085 
552.859 611.969 661.064 
253.284 278.718 286.519 
750.622 750.554 750.658 
289.147 302.842 305.735 
200.939 245.835 281.874 326.867 
327.583 357.304 354.623 347.864 
594.152 657.156 707.604 751.323 
367.002 398.493 413.868 409.338 
179.482 226.202 
0.229391 0.354693 
175.785 220.888 
40.5904 34.7401 
215.742 257.165 297.023 338.455 
30.2175 27.2431 21.137 24.8924 
142.042 185.38 226.687 266.567 
54.6325 52.1605 48.3477 54.8937 
284.649 327.324 368.807 408.915 
36.2154 33.7483 24.5663 28.7335 
176.299 221.874 265.542 306.999 
51.0414 45.6391 38.6416 43.3063 
184.327 226.174 270.376 312.104 
172.273 168.862 164.702 171.364 
549.416 598.738 
117.22 117.252 
321.149 362.081 404.516 444.533 
91.119 88.7666 80.177 82.6931 
109.593 153.928 
87.2625 82.5748 
286.407 327.761 
87.0233 85.4046 
591.309 645.386 
106.74 105.977 
520.255 566.975 
118.744 118.669 
356.716 395.744 438.265 479.171 
166.251 164.609 157.105 160.376 
328.775 369.396 
95.4141 94.5664 
585.304 637.063 701.216 
106.867 106.048 89.3153 
551.313 601.295 659.59 
113.461 112.547 97.9732 
537.947 587.987 
121.569 121.315 
412.882 452.033 495.472 538.756 
130.893 129.882 120.069 120.473 
554.589 603.76 664.532 723.747 
138.826 139.778 127.102 125.375 
32.9075 84.5522 136.25 
129.77 125.962 124.587 
438.716 480.439 527.155 571.284 
137.483 136.592 126.304 126.622 
440.446 487.897 
145.901 144.968 
543.747 593.774 650.443 
146.18 146.99 135.16 
136.268 179.572 222.915 
149.109 144.903 140.575 
565.387 613.739 681.212 
153.009 155.012 142.871 
437.947 481.251 525.434 570.447 
154.448 153.783 144.204 145.183 
52.9152 99.5912 152.055 
172.6 169.073 168.065 
289.576 329.581 
172.448 170.629 
472.083 516.253 
175.189 175.294 
517.928 561.246 612.097 666.259 
183.133 184.689 174.926 175.73 
423.754 462.906 507.897 551.217 
184.404 183.995 175.18 176.693 
427.044 465.363 510.379 566.202 
197.874 197.847 189.341 192.149 
577.965 627.14 
200.908 204.418 
583.751 631.25 
201.213 204.58 
750.434 750.457 
209.085 213.885 
513.774 556.279 
214.238 216.765 
415.923 454.701 
213.907 211.289 
575.456 623.783 
218.192 222.542 
547.889 592.109 
223.268 226.83 
582.052 631.224 
226.677 231.517 
517.139 562.136 612.067 
229.868 233.321 225.555 
7.90801 67.0761 
235.229 237.129 
575.424 626.2 686.324 
235.336 240.838 233.933 
750.443 750.447 
252.599 256.79 
82.6655 133.615 188.751 238.732 
287.842 281.018 275.426 279.459 
517.152 564.501 617.011 672.093 
274.046 281.39 277.085 284.657 
561.347 609.586 671.489 734.259 
287.587 295.407 292.77 301.601 
662.092 718.736 
278.689 288.838 
163.872 205.504 249.723 290.569 
280.402 276.06 271.391 276.421 
725.481 750.502 
289.957 296.581 
584.656 633.69 682.938 750.505 
292.74 301.83 298.566 308.069 
157.109 197.976 
293.897 289.114 
388.453 432.861 
298.495 303.89 
313.749 350.516 390.549 
302.081 300.069 293.546 
215.445 250.162 
320.541 316.638 
315.651 351.47 393.958 434.761 
311.438 309.83 303.084 307.114 
273.603 350.516 
311.429 300.069 
169.422 209.42 255.24 
313.777 308.673 302.829 
539.744 582.947 
320.314 331.373 
543.681 590.768 649.293 711.431 
343.833 351.352 353.053 364.605 
363.19 405.906 459.253 
365.163 373.174 373.86 
600.456 651.877 
362.285 376.512 
329.282 371.736 428.59 
364.157 369.873 372.625 
362.871 415.398 
371.864 381.054 
399.606 452.886 505.373 558.776 
375.614 384.506 386.94 399.675 
476.143 518.55 
378.186 387.614 
514.529 558.725 615.342 
384.351 395.607 397.622 
27.2105 84.0029 150.646 210.671 
396.87 399.203 401.254 410.633 
602.586 649.256 
424.241 431.71 
298.855 333.995 377.417 
403.966 403.969 398.052 
659.666 707.97 
437.942 452.822 
126.241 173.324 
434.614 439.822 
283.025 315.781 359.258 408.372 
437.457 434.306 427.464 440.707 
488.77 535.406 
451.249 464.282 
22.0705 75.2772 
25.9885 28.5983 
54.4507 105.788 
0 0 
217.824 261.271 
9.1588 5.29513 
642.504 707.295 
62.5707 42.5467 
326.332 367.97 
79.0396 71.6142 
750.468 750.494 
97.5637 87.8398 
750.559 750.521 
107.001 97.2567 
69.0158 119.799 166.415 
138.662 137.062 145.316 
750.453 750.469 
154.665 143.755 
588.745 652.901 702.093 
188.897 179.423 179.878 
478.771 527.908 
206.823 198.87 
478.608 509.308 
215.131 204.495 
414.711 456.39 498.797 
248.03 241.378 244.892 
600.373 660.425 722.86 
259.218 254.495 260.177 
357.923 400.551 
258.75 253.751 
527.955 576.376 
278.897 275.207 
137.084 193.709 
288.756 282.631 
658.829 722.127 
299.894 298.056 
244.362 288.51 
327.533 320.758 
523.089 576.681 614.038 
327.142 325.777 326.424 
204.333 252.004 294.388 
348.758 352.192 358.036 
30.3069 102.831 165.366 
343.154 346.693 357.657 
85.6567 150.536 
393.003 395.731 
36.152 116.964 167.901 
408.853 408.766 418.597 
679.475 735.476 
412.96 415.732 
145.352 192.62 
168.163 176.423 
336.445 352.354 
0 0 
270.324 311.746 
35.2573 37.8236 
369.712 409.692 
77.0605 77.9057 
722.117 750.523 
120.031 119.942 
39.3356 94.1306 
124.495 132.976 
548.778 602.052 
134.204 134.144 
0.380227 42.8813 
169.706 181.148 
478.744 519.642 
166.841 168.34 
578.681 661.263 
206.196 211.083 
607.933 661.263 
208.523 211.083 
642.041 698.721 
213.419 215.815 
375.215 415.215 
249.942 254.157 
638.106 695.576 
256.668 261.828 
523.73 566.268 
269.482 273.842 
254.836 301.56 
271.407 289.225 
243.758 286.318 
283.797 288.298 
350.341 390.39 
298.368 301.947 
639.729 700.432 
290.028 298.556 
272.496 315.609 
343.33 350.632 
650.379 711.917 
316.562 330.199 
687.039 750.26 
352.416 365.452 
40.9001 104.924 
366.631 373.344 
276.162 320.325 
400.959 403.437 
7.26806 78.7415 
464.958 452.506 
