1 2 
1 2 
1 2 3 4 5 6 
1 2 3 
1 2 3 4 5 6 
1 2 3 
1 2 3 4 5 6 7 8 
1 2 
1 2 3 
1 2 3 4 5 6 7 8 9 10 11 12 13 14 
1 2 
1 2 
1 2 
1 2 
1 2 
1 2 3 4 
1 2 
1 2 
1 2 
1 2 
1 2 
1 2 3 4 5 
1 2 3 4 
1 2 3 4 5 
1 2 
1 2 
1 2 3 
1 2 
1 2 3 4 
1 2 
1 2 3 4 5 6 7 8 9 10 
1 2 3 
1 2 
1 2 3 4 5 6 
1 2 3 
1 2 3 
1 2 
1 2 
1 2 
1 2 3 
1 2 3 4 5 
1 2 3 4 
1 2 3 4 5 
1 2 
1 2 
1 2 3 
1 2 3 4 
1 2 3 4 5 6 
1 2 3 4 5 6 
1 2 3 4 5 
1 2 
1 2 
1 2 
1 2 3 4 5 
1 2 3 4 
1 2 
1 2 3 
1 2 
1 2 
1 2 
1 2 
1 2 3 
1 2 3 
1 2 3 
1 2 3 4 5 6 
1 2 3 4 5 
2 3 
2 3 4 5 6 7 
2 3 4 5 
2 3 
2 3 
2 3 
2 3 
2 3 
2 3 4 5 
2 3 
2 3 
2 3 4 5 
2 3 
2 3 4 
2 3 
2 3 4 5 6 
2 3 
3 4 5 6 
3 4 5 6 
3 4 
3 4 
3 4 
3 4 5 
3 4 
3 4 
3 4 
3 4 
3 4 5 6 
3 4 
3 4 5 6 
3 4 5 6 7 8 9 
3 4 5 
3 4 5 6 
3 4 
3 4 5 
3 4 
3 4 5 
3 4 5 
3 4 5 6 
3 4 
3 4 5 6 7 8 
3 4 
3 4 
3 4 5 
3 4 
3 4 
3 4 
3 4 
3 4 5 6 7 8 9 10 11 12 13 
3 4 5 6 7 8 9 10 11 
3 4 
3 4 5 
3 4 5 
3 4 5 6 
3 4 5 6 
3 4 5 
3 4 
3 4 
4 5 
4 5 6 
4 5 
4 5 
4 5 
4 5 6 7 8 9 10 11 12 13 14 15 16 17 18 19 20 21 22 23 24 25 
4 5 
4 5 6 
4 5 
4 5 6 
4 5 
4 5 
4 5 
4 5 6 7 8 9 10 
4 5 
4 5 
4 5 6 
4 5 6 7 8 9 10 11 12 
4 5 6 7 
4 5 
4 5 
4 5 
4 5 6 
4 5 6 
4 5 
4 5 6 
4 5 
5 6 
5 6 
5 6 7 8 9 
5 6 
5 6 
5 6 
5 6 7 8 
5 6 
5 6 7 8 9 10 11 12 13 14 15 16 
5 6 7 
5 6 7 
5 6 
5 6 7 8 9 10 11 12 13 
5 6 
5 6 
5 6 
5 6 7 
5 6 
5 6 
5 6 7 8 9 
5 6 
5 6 
5 6 
5 6 7 8 
5 6 
5 6 
5 6 
6 7 
6 7 
6 7 
6 7 8 9 10 11 12 13 14 
6 7 
6 7 
6 7 8 
6 7 8 9 10 11 12 13 
6 7 8 9 10 
6 7 
6 7 
6 7 8 
6 7 8 9 10 11 12 
6 7 
6 7 
6 7 
6 7 8 9 10 
6 7 
6 7 8 9 
6 7 
6 7 8 
6 7 
6 7 8 9 10 
6 7 8 9 10 
6 7 8 
6 7 8 
6 7 
6 7 8 9 
6 7 8 
6 7 
6 7 8 
6 7 8 
6 7 
6 7 8 
7 8 9 10 11 12 13 14 15 16 17 
7 8 
7 8 9 
7 8 9 10 11 
7 8 
7 8 9 
7 8 
7 8 9 10 11 12 13 14 
7 8 
7 8 
7 8 9 10 
7 8 9 
7 8 
7 8 
7 8 
7 8 
7 8 9 10 
7 8 9 
7 8 9 10 
7 8 9 10 
7 8 9 
7 8 9 10 
7 8 9 
7 8 
7 8 
7 8 9 
7 8 
7 8 9 
7 8 9 
7 8 
7 8 
7 8 
7 8 9 10 11 
7 8 
7 8 9 10 11 
7 8 9 
7 8 
7 8 
8 9 
8 9 10 11 12 
8 9 10 11 12 13 
8 9 10 
8 9 10 
8 9 
8 9 10 11 12 13 14 
8 9 
8 9 10 11 
8 9 
8 9 
8 9 10 11 12 13 14 15 16 17 
8 9 
8 9 10 
8 9 
8 9 10 
8 9 
8 9 10 11 12 
8 9 
8 9 
8 9 
8 9 10 11 
8 9 
8 9 
9 10 
9 10 
9 10 11 
9 10 11 12 13 14 
9 10 11 
9 10 
9 10 11 12 
9 10 
9 10 11 12 13 14 15 
9 10 11 12 13 
9 10 11 
9 10 11 12 13 
9 10 
9 10 11 
9 10 11 
9 10 
9 10 11 12 13 14 15 16 17 18 
9 10 
9 10 
9 10 11 
9 10 
9 10 11 12 13 14 15 
9 10 11 
9 10 
9 10 
9 10 
9 10 11 
9 10 
9 10 
9 10 11 12 13 
9 10 
9 10 11 
9 10 
9 10 
9 10 
10 11 12 
10 11 
10 11 12 13 14 15 
10 11 
10 11 
10 11 
10 11 12 
10 11 12 13 14 15 16 17 18 
10 11 12 13 14 15 16 17 18 
10 11 12 13 14 15 16 17 18 
10 11 
10 11 12 13 14 15 16 
10 11 
10 11 
10 11 
10 11 12 13 
10 11 12 13 14 15 
10 11 
10 11 
10 11 12 13 
10 11 
10 11 12 
10 11 12 13 14 15 
10 11 
10 11 12 13 14 15 
10 11 
10 11 
10 11 12 
10 11 
10 11 
10 11 12 13 
10 11 
11 12 
11 12 
11 12 
11 12 13 14 15 16 17 
11 12 
11 12 
11 12 13 
11 12 13 14 
11 12 
11 12 
11 12 
11 12 13 14 
11 12 
11 12 13 14 15 16 17 18 19 
11 12 13 14 15 
11 12 13 
11 12 13 14 15 16 17 18 
11 12 13 14 
11 12 13 14 15 16 17 
11 12 13 14 15 
11 12 13 14 15 16 17 18 19 20 21 22 23 24 25 
11 12 13 
11 12 13 14 15 16 17 18 19 
11 12 
11 12 13 
11 12 
11 12 
11 12 13 
11 12 13 14 15 16 17 
11 12 
11 12 
11 12 
11 12 
11 12 13 
12 13 14 
12 13 14 
12 13 
12 13 14 15 
12 13 
12 13 
12 13 
12 13 
12 13 14 
12 13 14 15 
12 13 
12 13 
12 13 14 15 
12 13 14 15 16 17 18 
12 13 14 
12 13 
12 13 14 15 16 17 18 19 
12 13 
12 13 14 15 16 17 18 19 
12 13 14 15 
12 13 
12 13 
12 13 
12 13 
12 13 14 15 16 
12 13 
12 13 
12 13 
12 13 
13 14 15 16 17 18 
13 14 
13 14 15 
13 14 15 16 
13 14 15 16 17 18 
13 14 
13 14 
13 14 
13 14 15 
13 14 
13 14 15 16 17 
13 14 
13 14 15 
13 14 
13 14 15 
13 14 15 16 17 18 19 
13 14 
13 14 
13 14 
13 14 
13 14 
13 14 
13 14 15 16 17 18 19 20 21 22 23 24 25 26 27 28 29 30 31 32 33 
13 14 
13 14 15 
13 14 
13 14 15 
13 14 
13 14 
13 14 15 
13 14 
13 14 
13 14 
13 14 
13 14 15 16 17 18 
13 14 
14 15 
14 15 16 
14 15 16 
14 15 16 17 18 
14 15 16 17 18 
14 15 16 17 18 
14 15 16 17 18 
14 15 
14 15 
14 15 16 17 18 
14 15 16 17 18 19 20 
14 15 16 17 18 19 
14 15 
14 15 
14 15 
14 15 
14 15 16 17 18 19 
14 15 
14 15 16 17 
14 15 16 17 
14 15 
14 15 
14 15 
14 15 
14 15 
14 15 
14 15 
14 15 
14 15 16 17 18 19 20 21 22 23 
14 15 
15 16 
15 16 
15 16 
15 16 
15 16 
15 16 
15 16 
15 16 17 
15 16 
15 16 17 18 
15 16 
15 16 
15 16 17 18 19 20 21 22 23 24 25 26 27 28 
15 16 17 18 19 20 21 22 23 24 
15 16 
15 16 17 
15 16 
15 16 
15 16 17 18 
15 16 
15 16 
15 16 17 18 19 
15 16 17 
15 16 17 18 19 
15 16 17 
15 16 
15 16 17 18 
15 16 17 18 
15 16 
15 16 
15 16 
15 16 17 18 
15 16 17 
15 16 
15 16 
15 16 17 18 19 20 
15 16 
15 16 17 18 
15 16 17 18 
16 17 18 
16 17 
16 17 18 
16 17 18 19 
16 17 18 
16 17 18 
16 17 
16 17 
16 17 
16 17 18 
16 17 18 19 
16 17 
16 17 
16 17 18 
16 17 
16 17 18 
16 17 18 19 20 21 22 23 
16 17 18 19 20 21 22 23 
16 17 18 
16 17 18 19 
16 17 
16 17 18 19 
16 17 18 19 20 
16 17 18 
16 17 
16 17 18 19 
16 17 18 19 20 21 22 23 24 25 
16 17 18 19 20 21 22 23 24 25 26 27 28 29 30 31 32 33 34 35 36 37 38 
16 17 
16 17 
16 17 18 19 
16 17 18 
16 17 
16 17 
16 17 18 19 
16 17 
16 17 
16 17 
16 17 
16 17 
16 17 
16 17 
16 17 18 
16 17 
16 17 
16 17 
16 17 18 19 
16 17 18 
17 18 
17 18 
17 18 
17 18 19 
17 18 
17 18 
17 18 
17 18 
17 18 
17 18 
17 18 
17 18 
17 18 
17 18 
17 18 
17 18 19 20 21 22 23 24 25 
17 18 19 20 
17 18 
17 18 19 
17 18 19 
17 18 
17 18 
17 18 
17 18 19 
17 18 19 20 21 22 23 24 25 26 27 28 29 
17 18 19 20 
17 18 
17 18 
17 18 19 
17 18 19 
17 18 
17 18 
17 18 
17 18 
17 18 19 
17 18 
17 18 
17 18 
17 18 
17 18 
17 18 
17 18 
17 18 
17 18 
18 19 20 21 22 
18 19 20 21 
18 19 
18 19 
18 19 
18 19 
18 19 
18 19 20 21 
18 19 
18 19 20 
18 19 20 21 
18 19 
18 19 
18 19 
18 19 
18 19 
18 19 20 
18 19 20 
18 19 20 
18 19 
18 19 
18 19 
19 20 
19 20 21 22 23 24 
19 20 21 22 
19 20 21 22 23 
19 20 21 22 23 24 25 26 27 28 
19 20 
19 20 
19 20 21 22 23 24 25 26 27 28 29 30 31 
19 20 21 22 23 24 25 26 27 28 29 30 
19 20 
19 20 21 
19 20 
19 20 21 
19 20 
19 20 21 22 23 
19 20 21 22 23 24 25 26 
19 20 
19 20 
19 20 
19 20 21 22 23 24 25 
19 20 21 22 
20 21 
20 21 
20 21 22 23 24 
20 21 22 
20 21 22 23 24 25 26 
20 21 22 
20 21 
20 21 22 23 
20 21 22 23 24 25 26 27 28 29 
20 21 22 
20 21 
20 21 
20 21 22 23 24 25 26 27 
20 21 22 23 24 
20 21 
20 21 22 23 24 25 26 27 28 
20 21 22 23 24 25 26 
20 21 22 23 24 
20 21 22 23 24 25 26 27 
20 21 22 23 24 25 26 27 28 29 30 31 
21 22 23 
21 22 
21 22 
21 22 23 
21 22 
21 22 23 24 25 26 27 28 29 
21 22 
21 22 23 24 25 26 
21 22 23 24 
21 22 23 24 25 26 27 28 
21 22 23 24 25 26 27 28 
21 22 23 24 25 
21 22 23 24 25 26 27 28 29 30 
21 22 
21 22 23 24 25 26 
21 22 
21 22 23 
21 22 23 24 
21 22 
21 22 
21 22 
21 22 
22 23 
22 23 
22 23 
22 23 24 25 26 
22 23 24 25 26 
22 23 24 
22 23 24 25 26 27 28 
22 23 24 25 26 27 28 
22 23 24 25 26 27 
22 23 24 
22 23 24 25 
22 23 24 25 26 27 
22 23 24 25 26 
22 23 24 25 26 27 28 29 30 31 32 33 34 35 36 37 38 39 
22 23 
22 23 
22 23 24 25 26 27 28 29 
22 23 24 25 26 27 28 29 30 31 
22 23 24 
22 23 24 25 26 
22 23 24 25 26 27 
22 23 24 25 26 27 
22 23 24 
22 23 24 25 
22 23 
22 23 24 25 26 
22 23 24 
22 23 24 25 26 
22 23 
22 23 
22 23 
22 23 
22 23 
23 24 
23 24 
23 24 
23 24 
23 24 25 26 27 
23 24 
23 24 
23 24 
23 24 
23 24 
23 24 
23 24 25 
23 24 25 26 27 28 29 30 31 
23 24 
23 24 
23 24 25 26 27 28 29 
23 24 
23 24 
23 24 25 26 
23 24 25 
23 24 
23 24 
23 24 25 26 
23 24 
23 24 
23 24 
23 24 
23 24 
23 24 
23 24 25 
23 24 
23 24 
23 24 
23 24 
24 25 
24 25 
24 25 
24 25 
24 25 26 27 28 29 30 
24 25 26 27 
24 25 
24 25 
24 25 26 
24 25 
24 25 26 27 28 
24 25 
24 25 26 27 28 29 30 31 32 33 34 35 36 
24 25 26 27 28 29 30 31 32 
24 25 26 
24 25 
24 25 26 27 28 
24 25 
24 25 
24 25 
24 25 
24 25 
24 25 
25 26 27 28 
25 26 27 28 
25 26 27 28 29 30 
25 26 
25 26 27 
25 26 27 
25 26 
25 26 
25 26 
25 26 27 28 
25 26 27 
25 26 
25 26 27 28 
25 26 
25 26 
25 26 27 28 29 
25 26 27 
25 26 27 
25 26 27 
25 26 
25 26 
25 26 27 28 29 
25 26 
25 26 27 
25 26 
25 26 
25 26 27 
25 26 27 28 
25 26 
25 26 
25 26 27 
25 26 
25 26 
25 26 
25 26 
25 26 
25 26 
25 26 
26 27 
26 27 
26 27 
26 27 28 29 30 31 
26 27 
26 27 
26 27 28 29 30 
26 27 28 
26 27 
26 27 28 29 30 31 32 33 34 35 
26 27 28 
26 27 28 
26 27 
26 27 28 29 30 31 
26 27 
26 27 
26 27 28 29 30 31 32 33 34 35 36 37 
26 27 28 29 
26 27 28 
26 27 
26 27 
26 27 
26 27 
26 27 
26 27 28 29 
26 27 
26 27 
27 28 
27 28 29 
27 28 
27 28 
27 28 29 30 31 32 33 34 35 36 
27 28 29 30 31 32 33 34 35 
27 28 29 
27 28 29 
27 28 29 
27 28 29 30 
27 28 
27 28 
27 28 
27 28 
27 28 29 30 
27 28 
27 28 
27 28 
27 28 
27 28 29 
27 28 29 
28 29 
28 29 30 
28 29 30 31 
28 29 30 31 32 
28 29 
28 29 
28 29 30 
28 29 30 
28 29 
28 29 
28 29 
28 29 
28 29 
28 29 30 31 
28 29 
28 29 
28 29 
28 29 
28 29 
28 29 
29 30 31 32 
29 30 
29 30 
29 30 31 32 33 34 
29 30 31 32 
29 30 
29 30 31 32 33 
29 30 31 32 33 34 35 36 37 38 39 
29 30 31 
29 30 31 
29 30 
29 30 
29 30 31 32 33 34 35 
29 30 
29 30 31 32 
29 30 
29 30 31 
29 30 31 
29 30 
29 30 
29 30 
29 30 
29 30 31 
29 30 
29 30 
30 31 32 33 34 35 36 37 38 39 40 
30 31 32 33 34 35 36 
30 31 
30 31 32 33 34 
30 31 32 33 
30 31 32 33 
30 31 
30 31 
30 31 
30 31 32 
30 31 32 33 34 35 
30 31 32 
30 31 32 33 
30 31 
30 31 32 33 34 
30 31 32 33 34 35 36 
30 31 32 33 34 35 36 37 38 
30 31 
30 31 32 33 34 
30 31 
30 31 32 
30 31 32 33 
30 31 
30 31 32 33 34 35 
30 31 
30 31 32 
30 31 32 33 
30 31 32 33 34 35 
30 31 
30 31 
30 31 
30 31 32 
30 31 
30 31 
30 31 32 
30 31 
30 31 
30 31 
30 31 
30 31 
31 32 33 
31 32 
31 32 
31 32 33 34 
31 32 33 34 35 
31 32 33 34 
31 32 33 34 
31 32 
31 32 
31 32 
31 32 33 34 35 
31 32 
31 32 
31 32 
31 32 33 
31 32 
31 32 
31 32 
31 32 
31 32 
31 32 33 
31 32 33 34 35 
31 32 
31 32 
31 32 
31 32 
31 32 
31 32 33 
31 32 
32 33 
32 33 
32 33 34 
32 33 34 
32 33 34 35 
32 33 34 
32 33 34 35 
32 33 
32 33 34 35 36 37 38 39 40 
32 33 34 35 
32 33 34 35 
32 33 
32 33 34 35 
32 33 
32 33 34 
32 33 34 
32 33 34 
32 33 
32 33 34 35 
32 33 34 35 36 
32 33 34 
32 33 
32 33 
32 33 34 35 
32 33 34 35 
32 33 34 
32 33 34 
32 33 
32 33 34 
33 34 
33 34 35 
33 34 
33 34 35 36 
33 34 
33 34 35 36 
33 34 
33 34 
33 34 
33 34 35 
33 34 
33 34 35 
33 34 
33 34 
33 34 
33 34 
33 34 
33 34 
33 34 35 
33 34 35 36 
33 34 
33 34 
33 34 
33 34 35 
33 34 
33 34 
33 34 
33 34 35 
33 34 
33 34 
33 34 
33 34 35 
33 34 35 
33 34 
33 34 35 
33 34 35 
33 34 
33 34 
33 34 
33 34 35 
33 34 35 36 
33 34 35 36 37 38 
33 34 
33 34 35 
33 34 35 
33 34 
33 34 
33 34 35 
33 34 
33 34 
33 34 35 
33 34 35 
33 34 
33 34 35 
33 34 
33 34 35 36 37 38 
33 34 35 
33 34 
33 34 
33 34 
33 34 
33 34 35 
33 34 
33 34 
33 34 
33 34 
33 34 
34 35 
34 35 36 
34 35 
34 35 36 
34 35 
34 35 
34 35 
34 35 36 
34 35 
34 35 
34 35 36 
34 35 36 37 38 39 
34 35 
34 35 
34 35 36 
34 35 
34 35 
34 35 36 
34 35 
34 35 
34 35 36 37 38 
34 35 
34 35 
34 35 
34 35 
34 35 
35 36 37 
35 36 
35 36 
35 36 
35 36 
35 36 37 
35 36 
35 36 
35 36 37 38 39 
35 36 
35 36 
35 36 
35 36 
36 37 38 39 40 
36 37 38 39 
36 37 38 
36 37 
36 37 
36 37 38 
36 37 38 
36 37 38 39 
36 37 38 39 
37 38 
37 38 
37 38 39 40 
37 38 39 40 
37 38 39 40 
37 38 39 40 
37 38 39 40 
37 38 
37 38 39 40 
37 38 
37 38 
37 38 
37 38 
37 38 39 40 
37 38 
37 38 39 
37 38 39 
37 38 
37 38 39 40 
37 38 39 40 
37 38 39 
37 38 39 40 
37 38 
37 38 39 
37 38 39 
37 38 39 
37 38 39 40 
37 38 39 
37 38 
37 38 
37 38 39 40 
37 38 39 40 
37 38 39 40 
37 38 
37 38 
37 38 
37 38 
37 38 
37 38 
37 38 
37 38 
37 38 39 
37 38 
37 38 39 
37 38 
37 38 39 40 
37 38 39 40 
37 38 39 40 
37 38 
37 38 39 40 
37 38 
37 38 39 40 
37 38 
37 38 
37 38 39 
37 38 
37 38 39 40 
37 38 
37 38 39 
37 38 
37 38 39 40 
37 38 39 
37 38 
37 38 39 
37 38 
37 38 39 40 
37 38 
37 38 39 
37 38 39 40 
37 38 
37 38 39 
37 38 
37 38 
37 38 39 40 
37 38 
38 39 
38 39 
38 39 
38 39 
38 39 
38 39 
38 39 
38 39 40 
38 39 
38 39 40 
38 39 
38 39 
38 39 40 
38 39 40 
38 39 
38 39 
38 39 
38 39 
38 39 
38 39 40 
38 39 40 
38 39 40 
38 39 
38 39 40 
38 39 
39 40 
39 40 
39 40 
39 40 
39 40 
39 40 
39 40 
39 40 
39 40 
39 40 
39 40 
39 40 
39 40 
39 40 
39 40 
39 40 
39 40 
39 40 
39 40 
39 40 
39 40 
39 40 
39 40 
39 40 
39 40 
