316.348 383.725 
47.6707 69.416 
370.343 389.351 
29.0341 39.7569 
307.258 268.245 173.958 143.911 202.366 224.026 
0 0 0 0 0 0 
100.116 117.955 140.621 
34.8378 50.6122 76.6711 
282.857 297.141 313.728 332.08 361.281 391.266 
48.1678 59.3088 75.5589 81.2742 81.0737 84.498 
0 0 16.7756 
39.9084 54.4317 85.1017 
81.284 107.152 136.334 164.513 201.238 338.71 374.613 407.861 
65.2637 82.5654 108.98 116.809 111.322 129.814 131.828 126.28 
231.216 247.613 
48.8949 61.0451 
0.151552 2.82227 32.9097 
50.7959 65.9067 97.9678 
92.8445 112.15 138.635 157.961 188.844 223.783 255.434 284.558 310.403 341.208 380.405 427.04 476.242 527.935 
50.7429 66.7383 92.93 100.053 93.9872 95.2263 103.603 104.12 99.8527 95.4437 94.793 96.9844 99.7124 102.623 
83.8866 108.404 
58.5965 75.5772 
197.918 219.617 
89.5768 102.728 
84.4499 110.197 
69.4004 86.6636 
80.5338 106.361 
88.1925 104.811 
215.257 231.314 
70.3324 82.5735 
395.122 415.147 436.1 460.357 
72.4753 81.6926 92.205 97.5172 
0.22539 0.235364 
74.672 88.9224 
369.074 387.183 
76.9688 87.105 
224.681 239.477 
89.125 100.153 
196.146 217.937 
110.952 123.631 
454.134 466.294 
90.7213 95.5344 
83.5739 109.451 138.643 167.007 0.149506 
92.162 108.72 133.877 141.188 105.606 
280.683 295.547 313.027 331.358 
91.6831 101.401 116.269 121.225 
35.3121 46.1494 67.165 96.9211 128.691 
93.4002 108.503 135.585 143.475 134.983 
531.638 542.725 
108.107 111.333 
463.972 476.01 
125.477 129.737 
223.646 237.893 251.202 
97.5942 108.885 125.802 
85.3639 110.244 
104.021 119.799 
192.085 213.752 239.597 262.941 
116.239 128.736 147.788 153.507 
223.722 240.488 
108.889 119.992 
526.747 537.29 550.405 563.563 586.654 612.704 642.569 669.47 690.68 720.289 
108.644 112.494 114.581 117.039 123.388 128.682 115.902 95.7727 84.6553 78.8172 
522.894 534.668 549.337 
139.303 142.109 143.905 
361.569 383.863 
124.241 134.195 
487.013 503.755 507.899 529.591 538.861 565.409 
114.857 119.561 122.201 125.373 128.988 134.623 
133.039 167.927 207.116 
127.631 142.743 165.168 
101.465 143.657 189.853 
151.956 169.39 193.249 
102.918 138.76 
132.48 149.449 
77.9739 110.637 
138.226 156.074 
187.74 210.806 
137.581 149.302 
486.999 481.211 501.227 
151.613 151.443 156.415 
97.2109 137.803 177.053 225.426 270.394 
162.072 179.609 202.468 209.445 204.829 
496.297 512.055 532.124 549.589 
172.704 176.396 179.3 181.204 
421.239 439.523 460.35 486.959 529.462 
158.801 164.894 171.725 175.538 182.817 
186.193 224.436 
167.452 182.414 
51.7932 95.7843 
220.437 225.421 
492.922 507.12 531.161 
190.39 193.551 196.909 
561.966 567.815 593.726 601.201 
186.788 186.789 187.266 187.477 
501.093 517.076 537.881 555.383 579.545 607.833 
176.21 179.623 182.377 184.035 190.663 196.726 
409.562 428.805 448.782 505.389 522.96 567.085 
176.355 182.601 189.326 196.5 200.128 207.905 
194.573 229.592 267.936 306.253 348.765 
177.984 192.012 210.152 215.366 213.603 
273.547 307.186 
181.007 192.932 
567.761 583.072 
206.195 207.685 
318.271 349.16 
203.538 213.679 
377.113 407.755 444.524 480.344 520.298 
187.763 196.383 205.93 210.287 216.275 
563.674 579.55 599.491 616.258 
204.953 206.436 205.328 206.181 
368.84 401.262 
221.427 230.309 
415.493 431.362 458.471 
354.545 349.517 352.288 
750.68 750.651 
311.261 304.395 
738.082 749.707 
316.78 311.867 
710.236 722.74 
318.351 314.219 
698.156 713.235 
332.28 329 
447.93 469.332 502.395 
404.576 400.255 400.811 
429.837 447.646 475.437 
381.957 376.419 375.218 
392.256 414.687 447.58 
442.356 445.655 451.534 
412.433 436.049 470.341 492.201 507.954 532.108 
429.197 430.972 436.038 435.257 436.858 438.499 
474.571 504.012 544.992 569.542 588.827 
456.257 457.751 458.25 452.119 453.682 
421.365 439.123 
30.443 42.831 
387.039 407.951 431.16 465.412 501.294 536.167 
52.2819 65.2101 71.0044 75.4439 81.8658 75.9952 
210.331 231.979 260.434 300.417 
23.3046 46.0566 54.4671 53.7458 
44.2839 59.6157 
46.0456 75.194 
228.666 247.154 
85.0317 104.047 
355.433 374.65 
108.662 120.736 
111.108 140.354 
114.588 139.279 
168.666 193.736 
124.229 145.536 
0 39.7898 91.1335 145.67 
146.434 183.464 191.863 184.1 
458.923 475.478 
127.858 134.126 
111.033 145.568 
131.808 155.091 
21.3472 72.9401 119.604 168.865 
151.36 181.798 190.13 182.666 
73.9169 137.975 
163.9 193.021 
142.192 188.744 230.424 
173.784 197.163 203.638 
0.198314 0.35058 
169.42 195.292 
458.349 496.779 520.979 537.874 563.733 
470.153 473.573 471.969 473.498 475.761 
423.201 454.085 
395.491 400.67 
224.347 254.445 296.16 338.523 
20.9243 30.4187 30.037 35.6619 
231.178 263.692 327.915 363.812 
15.8194 25.7657 30.4249 35.1234 
387.968 407.051 
32.1961 37.9126 
319.13 330.925 
69.0139 73.4292 
300.398 311.265 
28.0209 33.6629 
409.582 433.686 468.727 
52.9217 59.149 63.8694 
49.3705 71.1462 
30.8716 40.2576 
230.648 266.847 
33.1495 42.7977 
57.2353 81.8627 
73.034 82.16 
137.962 160.33 
45.9575 54.3679 
74.4649 98.7414 134.495 172.08 
50.3054 59.641 52.5569 54.6012 
230.375 230.429 
63.1818 66.9897 
406.194 430.382 463.718 499.463 
79.1064 84.8152 88.9247 95.1929 
234.053 245.732 267.555 290.936 313.239 330.68 345.592 
84.7204 89.4994 84.9423 85.7513 89.5529 86.0883 79.9533 
56.2465 82.0077 116.324 
77.9408 86.8175 78.3118 
381.341 414.858 433.18 469.557 
84.9371 91.54 92.4654 98.5194 
377.458 396.889 
117.744 122.669 
556.065 569.465 593.387 
113.309 115.428 122.547 
259.68 277.76 
118.028 123.379 
344.583 364.638 397.121 
134.589 139.097 140.16 
187.895 208.778 235.377 
131.434 137.657 132.363 
125.256 160.711 194.525 233 
148.415 156.023 149.956 150.752 
140.334 167.803 
144.485 151.544 
405.178 442.507 483.016 526.961 580.057 628.847 
219.549 222.983 226.271 231.437 223.664 208.582 
420.036 457.713 
155.111 160.251 
432.374 468.246 
215.592 222 
0.0964208 51.9898 103.05 
162.193 172.651 163.1 
47.1166 91.2741 
175.251 183.619 
242.228 266.203 
172.378 177.579 
74.3478 120.066 
186.18 194.072 
98.7268 162.033 
207.339 216.044 
0.352183 0.329805 22.8688 90.304 160.326 221.219 272.067 321.243 381.233 443.736 510.36 
201.166 205.716 190.003 188.755 203.129 207.018 201.885 194.824 191.688 192.351 195.431 
266.247 304.605 347.934 393.811 446.313 493.779 534.593 577.93 631.269 
201.287 206.769 205.254 208.271 207.099 197.722 188.904 182.689 181.981 
377.18 422.743 
225.093 229.469 
396.23 434.605 471.231 
233.155 236.797 238.919 
337.076 373.758 412.102 
232.177 236.136 236.056 
457.27 477.938 491.405 515.06 
414.112 414.271 411.691 414.828 
466.239 488.435 502.767 526.537 
479.321 479.285 479.416 479.371 
475.497 498.01 513.249 
445.859 444.229 444.078 
460.142 482.587 
478.487 478.929 
442.287 463.047 
453.656 454.038 
219.583 255.325 
7.08828 4.20459 
251.254 292.078 333.572 
43.7271 42.9466 47.9582 
34.9089 66.1421 
36.2941 26.2197 
43.084 72.6379 
77.9983 66.273 
85.901 122.268 
56.1958 48.7428 
0.226109 0.186384 33.6658 80.2624 109.507 142.075 175.43 220.381 270.449 322.063 372.106 425.366 466.225 498.001 517.936 536.277 552.925 569.542 586.126 600.344 616.961 635.348 
79.3337 62.6108 60.8738 82.5031 92.334 91.4092 87.6364 86.9892 88.1816 90.7765 92.5612 91.1609 89.9251 87.5436 86.7795 83.1859 72.7882 53.6325 37.2686 32.0931 22.4504 19.3591 
284.447 315.219 
85.5825 84.0362 
0 0 0 
89.0766 72.1743 64.3768 
47.9155 89.499 
102.092 93.4319 
429.086 460.015 492.903 
103.811 108.656 114.58 
279.405 307.701 
108.714 105.916 
505.339 529.327 
136.4 140.543 
269.615 303.75 
128.461 126.252 
563.226 585.424 610.665 641.915 669.567 690.777 720.431 
145.499 152.086 158.005 143.968 124.006 113.032 106.835 
0.250291 0.149506 
121.849 105.606 
163.86 199.658 
137.805 131.582 
215.398 245.452 272.864 
135.594 131 131.576 
398.821 433.786 470.538 508.819 537.074 562.926 594.555 639.558 695.415 
143.165 146.027 151.407 146.527 133.87 125.259 120.085 120.035 123.773 
369.524 399.51 429.49 467.849 
142.662 143.419 146.79 144.328 
517.882 549.531 
158.992 165.712 
359.757 388.962 
175.239 175.455 
7.09451 62.1167 
169.902 159.773 
91.1848 144.542 200.388 
195.933 187.335 188.072 
545.479 569.604 597.024 
198.262 204.455 209.948 
0.299605 22.8111 
200.246 184.665 
649.524 672.016 697.047 
210.069 219.992 226.485 
464.289 493.861 
334.689 343.153 
85.4288 134.083 
0.352026 4.5843 
486.564 525.199 
0.0458756 0.348774 
374.231 408.852 432.53 424.238 425.491 
75.6631 79.9828 78.17 66.4652 58.4598 
246.99 289.51 
30.8954 35.7722 
109.798 149.015 
35.3646 37.0783 
195.393 231.164 
51.3813 53.3639 
321.494 361.463 390.546 427.828 
44.9714 50.2132 52.0142 47.2712 
43.4208 0.10153 
63.1833 47.018 
196.461 230.533 263.9 297.264 318.313 346.029 386.902 433.556 484.434 537.75 594.472 643.585 
79.5673 81.4916 90.3009 90.9384 86.5806 82.3699 82.4202 84.7912 87.5622 90.2926 88.8621 88.0452 
421.274 451.939 483.649 
126.928 131.243 127.095 
5.3648 41.1439 107.884 
116.583 114.372 135.726 
306.157 339.581 
120.996 123.762 
358.024 388.055 417.203 442.968 466.302 496.329 532.969 581.273 635.466 
120.588 123.804 122.76 114.691 107.754 103.022 102.73 105.795 108.582 
301.188 425.467 
145.872 162.601 
203.668 242.015 
140.999 142.537 
176.974 219.43 
156.029 157.025 
347.89 374.624 404.544 
158.114 160.166 159.154 
423.775 457.1 
163.588 167.815 
23.8789 88.0355 
162.135 161.447 
396.941 428.676 464.501 496.173 522.883 
162.198 165.849 162.807 152.619 144.583 
267.964 308.727 
176.533 178.17 
627.838 649.535 
195.935 201.547 
183.683 232.92 
192.738 192.892 
448.852 489.727 542.076 587.111 
230.35 234.326 228.006 213.93 
479.591 522.944 
230.336 235.184 
40.4822 100.549 
293.712 288.284 
481.366 503.444 
451.281 453.074 
49.7686 0.187961 
0 8.63434 
286.987 314.609 
7.52967 14.4164 
332.943 361.035 
19.4562 23.5368 
158.408 202.749 241.94 276.975 318.648 369.512 422.876 482.087 545.427 
22.1175 38.2921 43.7964 41.2141 37.8774 38.2547 41.1071 44.5101 47.6729 
31.9307 73.4055 
23.6379 46.8845 
79.0612 110.521 
61.2495 78.8208 
242.102 312.962 364.574 
35.3291 50.0939 50.5357 
504.566 539.471 570.456 599.532 637.055 687.066 738.794 750.466 
70.4982 64.5088 50.8147 41.9724 36.6922 35.7218 37.046 35.0377 
167.638 250.307 333.802 234.537 329.503 
38.5181 58.7423 64.7646 51.9829 51.7478 
154.661 190.356 
74.63 87.9158 
326.871 357.062 
109.934 112.259 
282.079 304.556 320.39 
63.775 68.9483 66.5729 
341.277 378.795 412.906 443.733 481.24 528.796 586.276 
58.6158 62.6 58.0406 52.3261 48.0706 47.9507 50.7519 
0.220614 74.448 
96.6082 120.794 
151.208 188.659 
100.655 113.738 
243.643 188.659 
116.931 113.738 
0.0320173 61.5249 36.2981 80.4645 98.7836 
122.101 143.539 150.981 150.331 144.975 
0.302495 0.33975 
129.499 144.516 
429.663 461.318 492.949 518.793 
144.099 140.625 130.705 122.75 
493.814 530.28 
154.301 147.496 
162 212.849 247.074 
134.259 146.892 148.922 
539.866 575.771 
145.568 136.15 
579.839 628.344 676.781 716.079 750.411 
174.615 164.507 147.267 136.449 129.651 
486.654 531.929 572.831 606.331 646.699 
203.006 197.053 183.054 174.6 168.848 
196.34 253.862 303.905 
175.873 185.77 185.419 
166.514 224.676 277.16 
165.164 176.586 178.238 
322.788 365.522 
171.004 173.524 
99.5255 167.08 225.358 273.696 
172.402 187.106 191.099 186.151 
0.304264 0.313803 0.376783 
176.264 189.113 198.101 
367.852 409.281 
183.803 184.123 
251.199 311.219 363.736 
208.287 214.102 210.738 
664.584 703.659 737.914 
221.244 205.393 182.961 
473.046 521.311 
223.515 217.908 
564.602 618.773 667.904 
223.629 214.371 197.329 
178.968 138.851 175.498 247.989 282.135 272.976 233.794 209.604 266.258 325.436 428.761 
0 0 0 0 0 0 0 0 0.1716 0 0 
375.32 407.865 
40.2429 35.9939 
70.379 104.583 133.74 
36.5157 48.7531 48.0718 
371.183 403.775 434.64 472.087 520.423 
52.5603 48.4558 42.9042 38.6882 38.6518 
105.222 153.721 
39.391 50.7858 
16.8633 52.8645 83.6895 
41.1787 56.0153 56.2766 
14.2379 51.9161 
66.2915 80.8371 
70.9128 54.3002 42.9118 7.88453 59.5144 110.324 262.013 235.302 
89.7402 97.1474 94.6806 87.753 86.7771 87.0472 94.938 91.3254 
493.591 519.558 
91.5939 79.8992 
191.756 54.3002 
104.944 97.1474 
651.026 678.605 700.341 731.191 
114.06 93.6738 82.2447 76.0951 
19.4697 58.6885 94.5921 
120.541 133.059 132.708 
375.971 408.683 
126.037 120.516 
74.6652 117.109 
138.668 148.048 
135.508 119.535 
133.768 137.098 
282.863 334.562 
134.267 134.139 
380.346 410.379 438.707 472.039 
134.368 128.525 122.271 117.32 
178.822 217.959 249.595 
149.764 153.893 150.16 
180.652 224.636 254.62 292.956 
159.731 163.516 159.305 154.185 
162.704 211.155 247.009 286.3 
165.841 170.58 166.682 161.47 
458.801 490.439 516.292 
159.096 149.188 141.051 
0.270439 2.87705 42.0432 87.067 
154.397 164.523 164.063 159.237 
546.236 585.391 626.248 
154.658 140.62 132.105 
455.559 487.985 
175.633 165.747 
185.407 240.413 
173.079 176.538 
113.043 174.646 227.107 
190.662 197.31 192.896 
0.381556 0.368058 
184.159 193.319 
265.465 316.247 361.309 
197.559 196.289 189.593 
145.434 207.067 258.737 
199.393 204.138 199.256 
539.65 586.519 
213.764 200.332 
281.19 333.719 
191.213 189.889 
383.771 432.115 
204.301 197.602 
158.656 220.375 269.58 322.062 381.209 
198.168 202.3 197.223 190.329 187.344 
282.925 335.423 
199.468 197.675 
532.908 573.195 607.302 647.952 696.941 
201.366 187.795 178.063 172.787 171.812 
391.278 440.449 472.952 
215.121 208.062 199.289 
221.988 282.061 
297.593 295.115 
216.254 272.926 
303.67 301.7 
579.168 604.687 
0.0995822 0.0211314 
34.4327 76.9995 126.168 184.522 246.234 
25.4118 27.4352 25.8675 27.268 30.6883 
567.947 597.903 632.885 682.936 745.407 750.455 
62.5729 53.9521 48.4363 47.5619 49.7816 47.8229 
152.852 172.692 201.043 
51.2554 49.5239 45.3758 
0.332708 0.346918 43.7001 
65.9979 64.8889 63.1271 
523.624 547.796 
112.897 104.43 
219.583 407.858 436.23 483.746 661.202 723.664 750.43 
96.2499 101.523 96.6476 96.3286 106.249 109.43 111.863 
468.705 484.602 
110.29 102.51 
512.043 535.423 566.223 607.901 
115.988 107.802 102.648 102.401 
309.654 342.976 
139.258 134.067 
229.587 259.558 
117.859 114.256 
8.66644 0.366901 0.371521 0.354912 0.312919 45.428 112.981 172.935 333.034 365.341 
124.326 122.397 116.483 111.739 107.268 107.728 107.835 105.184 112.394 110.474 
314.554 347.889 
123.443 118.599 
498.732 525.388 559.558 
134.071 126.099 120.954 
278.767 307.077 
143.498 138.892 
409.516 434.571 470.365 
147.434 140.715 135.867 
0.399856 41.2435 
154.91 154.771 
436.785 465.856 501.813 542.031 592.882 
165.979 158.837 154.498 153.084 156.373 
212.028 262.108 
181.87 177.579 
322.128 366.277 
202.733 196.229 
612.747 650.262 
213.802 203.098 
495.448 536.268 579.629 632.107 
205.341 196.302 189.743 189.015 
624.85 667.583 
344.644 303.1 
627.468 653.514 
418.363 404.109 
307.942 340.401 
4.22989 0.657236 
597.134 632.933 
27.2064 21.8243 
63.7351 114.598 172.078 
16.4327 15.2168 17.1581 
439.521 477.019 526.188 582.898 649.556 722.053 
30.3479 26.3708 26.4036 29.0579 30.9872 32.8574 
257.87 298.764 349.562 
31.0575 27.6934 28.2669 
0.288011 0.335524 
21.2139 16.5308 
252.115 293.808 343.768 398.751 
35.6424 32.7572 33.4577 36.2395 
0.394787 0.386455 
35.7268 30.8652 
62.1135 101.272 136.196 186.257 218.732 281.256 325.4 
42.3842 40.079 39.6483 41.9487 44.9673 47.7624 45.9278 
57.0644 93.7159 137.063 263.783 229.567 
39.8432 37.6382 37.4117 44.8267 43.2085 
314.588 345.479 387.078 
59.5098 55.143 54.6724 
52.0813 78.7978 116.257 151.323 203.765 
65.4445 62.2188 61.9909 62.8039 66.0186 
595.365 631.224 
67.0946 61.7196 
260.369 293.723 336.191 
67.8529 64.2926 64.0252 
462.105 487.064 532.079 
69.2428 64.0439 63.8092 
424.534 453.719 
76.9945 72.6426 
0.357717 0.36178 49.6016 106.289 168.742 225.423 280.437 319.589 349.578 374.524 
83.0726 78.0691 77.5913 78.9071 82.229 83.6423 81.7618 79.5068 77.1635 77.1648 
248.713 281.176 
90.2668 85.9935 
40.4334 85.4128 
100.115 97.1444 
418.671 447.868 487.059 
98.7191 93.9567 93.4143 
0.345086 0.394547 
100.478 94.9553 
38.8541 89.653 143.645 202.047 260.439 329.484 382.827 
108.958 106.68 105.194 105.627 107.789 111.769 110.028 
0.371943 42.8553 93.7994 
104.833 100.758 98.4857 
246.274 285.445 
110.77 106.475 
141.276 185.43 
131.495 127.617 
47.0981 120.492 
138.59 135.961 
245.396 282.109 319.565 
135.919 131.44 129.973 
0.393366 29.5686 
143.379 138.226 
357.832 386.311 
145.071 140.338 
35.3981 82.0857 138.735 195.411 253.752 
147.43 142.859 140.079 139.683 140.362 
472.944 517.934 
189.871 183.854 
625.428 662.088 717.088 
203.226 196.927 196.965 
552.911 598.739 
204.918 198.503 
673.157 702.588 
479.358 477.223 
682.533 713.994 
428.379 422.167 
117.063 177.078 240.388 
2.67613 3.84533 8.39228 
0.282709 0.424263 
2.95287 1.14873 
437.114 482.107 500.404 562.072 609.56 663.747 
18.3195 18.3975 18.9426 21.4799 23.4012 19.6756 
556.184 617.85 
40.6524 40.7576 
27.0936 82.9158 
67.8292 66.8061 
72.1344 119.632 
70.9881 71.0023 
572.037 618.737 670.415 
66.2963 65.673 67.9443 
0.32782 39.5495 110.438 172.088 223.734 284.552 320.458 346.202 370.429 
70.3534 69.3487 71.688 75.318 76.5475 75.0542 73.0048 70.3306 70.233 
551.285 599.557 565.437 624.596 590.414 615.461 750.442 638.816 667.916 
117.933 118.449 117.55 121.041 119.623 117.301 124.255 111.211 110.42 
548.777 596.235 648.747 713.736 750.396 750.448 750.457 750.455 750.534 
136.452 136.577 140.472 144.822 149.054 146.678 144.939 139.967 136.445 
133.732 186.212 
113.462 112.061 
292.071 336.236 387.06 442.035 497.088 557.029 624.56 
119.866 119.038 120.816 123.673 127.01 126.983 129.099 
130.436 181.218 
128.357 126.992 
290.404 336.202 
134.872 133.893 
431.251 468.745 
137.891 137.179 
0 79.9121 148.993 214.486 
166.945 159.973 158.049 159.116 
465.448 508.032 558.85 612.915 678.95 750.616 
148.378 148.215 151.079 154.633 160.55 163.038 
399.652 443.356 
148.687 148.461 
377.087 418.768 
154.038 152.727 
499.312 542.607 592.751 653.016 
158.603 157.974 160.946 165.07 
664.068 721.796 
183.184 183.308 
314.535 372.972 435.464 
171.022 168.143 169.137 
325.348 384.534 447.006 513.667 581.962 657.84 
179.648 176.814 177.817 181.132 186.354 190.134 
309.576 369.58 
192.335 188.848 
414.609 469.601 528.796 592.155 663.007 743.825 
189.619 187.536 189.67 193.582 200.205 205.467 
698.572 750.474 
199.482 198.507 
662.079 718.763 
189.015 189.057 
428.738 492.896 543.713 
195.846 194.213 196.024 
650.483 696.251 
444.2 446.7 
451.284 497.084 
446.528 442.385 
318.736 365.417 416.234 471.22 
457.464 449.354 446.626 448.25 
562.06 606.241 
473.065 472.608 
360.28 416.861 
13.7434 17.9297 
0.321872 73.6587 
14.2449 19.2703 
365.412 412.887 
26.3354 29.3165 
463.711 742.704 750.315 750.611 750.571 750.592 696.143 
51.0686 67.2616 65.6309 65.0893 59.7676 56.9237 47.9744 
658.689 742.704 
61.6301 67.2616 
170.378 223.679 
54.4032 56.5749 
478.731 517.039 562.887 
60.9327 63.1133 65.2834 
52.8301 113.756 173.776 229.563 
61.1473 63.631 67.4065 69.1318 
159.481 206.224 
76.4871 77.5601 
664.473 720.52 
89.267 100.956 
542.88 587.909 
96.6981 99.4796 
345.389 389.521 452.844 497.005 
109.381 110.797 114.344 116.767 
0.39 67.0887 
124.097 123.671 
234.591 287.145 342.12 397.099 452.091 497.949 533.787 559.65 575.473 
126.07 126.733 129.026 131.031 130.324 130.069 128.35 127.973 123.779 
162.961 214.613 267.994 316.309 366.358 
133.155 132.567 133.693 133.977 131.901 
53.6722 116.215 179.572 
128.213 127.599 128.917 
416.284 465.47 519.532 577.092 639.517 677.892 684.592 713.753 
134.721 136.973 140.358 144.461 145.421 145.713 141.139 140.378 
114.555 166.996 212.877 276.163 
132.444 131.589 131.71 132.981 
243.71 296.208 351.177 405.407 460.333 505.405 540.407 
134.61 135.328 137.551 139.736 139.112 138.916 137.231 
357.105 407.089 461.216 517.013 575.273 
144.971 146.151 149.247 152.927 153.644 
337.944 387.942 440.403 493.743 551.25 598.706 636.252 662.986 687.899 707.93 741.242 750.412 713.797 750.426 750.464 
152.197 153.248 155.652 158.852 159.587 160.883 159.559 158.809 153.157 136.613 110.069 88.6686 86.1094 75.5421 78.3397 
587.966 641.319 703.775 
152.628 156.643 160.764 
334.653 387.998 439.476 492.994 550.212 599.692 635.497 663.797 687.113 
159.589 160.584 162.928 166.085 166.865 168.508 167.118 166.595 160.87 
468.827 527.501 
176.572 177.895 
30.9106 112.36 187.422 
170.768 167.218 167.239 
102.94 170.374 
156.334 153.62 
337.959 400.467 
182.624 182.793 
483.75 550.383 617.834 
175.432 177.998 182.276 
0.357397 48.669 132.137 206.245 266.199 298.762 342.09 
176.98 171.115 170.43 169.644 166.77 163.638 162.856 
481.255 544.619 
182.7 185.229 
572.933 632.977 
191.695 195.108 
359.597 410.312 
444.438 442.119 
550.416 603.763 
446.384 451.784 
0.411147 51.2902 121.236 
450.476 431.927 418.917 
380.375 430.383 497.061 
1.15786 4.52411 7.68891 
273.734 326.232 378.761 
47.3891 50.8114 53.5441 
415.382 412.846 
53.4918 53.3825 
5.36345 73.7074 141.232 199.519 
72.0698 76.0697 78.2137 76.3474 
106.258 169.487 
87.043 90.0552 
324.531 373.708 
82.2564 84.4827 
370.337 412.951 
86.6976 89.007 
114.576 178.768 
105.534 107.674 
532.053 585.404 641.34 
110.922 113.985 117.885 
207.943 264.58 320.321 375.31 
109.418 111.27 112.644 110.988 
296.241 351.243 
115.564 118.038 
377.097 430.472 
131.843 134.549 
296.212 367.876 406.244 460.408 
130.204 133.549 134.664 133.851 
387.019 440.398 495.387 551.997 599.748 637.784 664.717 
135.414 138.135 141.578 143.329 144.068 142.179 141.62 
0.507852 87.1953 163.948 
155.938 155.963 155.419 
157.085 232.062 
147.326 148.65 
199.546 255.369 312.028 367.012 411.175 444.51 470.339 493.671 
146.134 147.016 147.817 146.228 145.344 143.662 143.749 141.462 
673.688 739.542 
156.902 161.647 
195.414 252.87 307.886 361.227 404.573 441.119 467.775 492.835 
154.632 155.31 155.808 153.999 153.022 151.697 151.861 149.761 
77.9092 148.724 218.682 278.725 
166.362 165.74 165.287 162.338 
4.53617 90.3879 
163.743 163.404 
41.2053 133.742 
166.22 166.374 
308.734 387.056 
172.319 175.781 
515.459 593.112 
182.522 187.959 
433.751 492.096 564.568 637.027 702.037 
189.571 191.883 197.284 201.011 205.85 
613.893 678.696 
448.679 460.447 
595.879 657.757 
428.392 438.086 
345.579 419.726 
467.475 464.616 
436.16 505.892 
479.293 479 
477.771 541.928 611.089 657.745 706.084 737.921 
20.9133 23.9084 22.1459 20.8621 17.3665 16.0838 
750.45 750.467 
19.5738 17.9737 
119.595 182.126 251.244 
34.4094 38.0252 38.0349 
378.741 450.427 502.917 546.236 
35.5863 39.404 37.9054 36.5481 
307.931 370.386 430.427 482.118 521.242 551.259 
35.1425 38.5029 37.703 37.1562 34.7966 34.3046 
642.052 713.73 
43.5676 45.8991 
73.6866 139.716 
36.1381 39.5717 
166.895 224.53 
43.5354 46.1419 
277.84 331.235 382.857 
60.0815 62.3553 60.5918 
72.1346 139.609 
68.6932 70.9031 
42.9247 110.389 172.89 257.072 291.189 
88.6259 89.994 88.2917 88.8879 87.0075 
172.034 235.302 
89.5214 91.3254 
573.817 631.232 693.755 
98.1474 101.637 101.148 
175.376 235.431 
96.9222 98.4737 
218.761 277.078 337.092 
99.4036 100.481 99.4688 
224.659 277.902 327.32 366.478 392.859 416.063 441.23 
103.374 103.821 100.977 98.5456 94.8422 94.5993 93.8502 
45.5319 111.714 
159.483 157.303 
176.263 234.641 
126.092 126.432 
99.5871 173.711 
129.524 130.125 
167.077 226.213 
134.845 134.263 
312.017 368.772 
134.798 136.786 
167.911 230.457 
137.055 137.262 
46.1892 112.927 172.861 220.537 251.433 274.652 293.761 312.133 328.753 345.374 360.386 374.535 388.732 401.229 413.786 426.277 453.858 493.007 544.568 608.693 667.126 
141.286 140.288 136.862 134.221 131.982 132.244 132.786 131.116 124.982 118.353 114.607 107.624 99.1218 99.1922 104.956 125.995 137.525 151.123 163.881 180.809 190.973 
529.495 587.037 
145.436 149.639 
512.159 579.714 642.056 
149.966 155.136 156.627 
441.173 496.151 
153.99 158.032 
547.64 609.506 671.493 
154.414 158.951 159.711 
498.972 568.972 
174.249 180.846 
84.5019 161.897 
164.243 163.601 
506.353 576.937 650.495 
172.851 178.253 181.486 
653.801 732.134 
179.416 187.158 
637.624 710.632 
197.813 205.195 
98.2713 167.396 
280.478 270.043 
68.376 135.17 
334.042 325.094 
162.935 221.158 274.544 319.373 354.417 381.763 
441.035 431.929 423.132 418.903 416.165 416.038 
313.672 374.787 
478.672 477.483 
52.0744 122.11 
1.70732 3.66132 
203.703 266.247 315.418 
21.3561 21.3191 20.3788 
361.257 422.092 472.087 
29.442 28.5513 27.8356 
79.547 137.064 195.425 228.746 256.259 
22.7633 23.3316 22.7452 21.358 21.8344 
212.891 275.402 323.751 361.256 387.886 
30.0609 29.8776 28.7363 26.9576 26.9414 
527.919 594.574 652.871 698.74 732.068 
37.8765 36.4668 35.7018 32.3757 30.9551 
163.748 215.413 266.213 295.401 313.746 
39.6181 38.8273 37.7992 35.7277 35.5063 
277.062 320.438 
45.841 44.1663 
381.184 437.142 
51.6458 50.8623 
309.622 358.766 397.076 424.595 444.581 
70.4992 68.4335 66.3651 63.56 62.955 
69.6004 135.47 182.892 213.79 223.765 238.75 265.416 
84.3212 82.9471 80.7495 79.0322 78.5293 79.5881 79.6712 
14.5392 79.5293 125.36 156.205 176.229 191.231 
83.6463 82.1408 79.5935 77.8432 78.3139 79.9998 
229.562 286.203 
91.3565 89.8063 
87.1544 149.629 
120.14 117.244 
131.204 184.633 
126.858 123.201 
0.299002 0.242359 
131.984 122.465 
342.923 397.902 461.253 490.378 508.718 528.752 
130.325 128.928 129.555 127.522 126.611 123.714 
312.065 367.064 
141.52 139.836 
280.362 349.576 398.618 436.087 
149.392 148.031 147.685 145.874 
518.488 578.274 628.074 667.994 
149.305 150.437 151.682 150.195 
584.603 647.096 
164.425 166.15 
684.487 750.496 
193.196 192.664 
642.941 719.426 
183.623 187.185 
655.514 734.7 
192.97 197.864 
617.921 688.742 
285.373 292.153 
137.685 198.283 
304.613 297.565 
568.807 636.933 
284.004 289.145 
118.404 119.763 
402.552 454.718 
338.558 391.064 435.329 471.973 502.778 534.454 570.003 609.948 644.801 668.945 
460.785 456.955 456.221 454.812 454.897 452.082 442.196 424.258 408.999 404.901 
492.302 568.206 
467.842 473.563 
677.907 750.427 
10.2729 8.9442 
77.0896 130.433 
13.6162 13.4315 
19.5413 68.7842 
17.9359 17.204 
82.9295 135.41 
25.1553 24.7602 
750.467 750.492 
28.0192 24.7882 
600.37 647.902 
61.388 60.7284 
282.087 323.746 
67.7362 65.3783 
316.14 354.502 367.979 
68.8688 66.8295 62.8957 
542.064 587.912 
69.9445 68.8284 
266.009 309.289 337.651 369.48 
86.5776 84.349 81.4383 82.3408 
212.104 255.432 
88.4666 86.0109 
697.917 741.337 
88.7491 88.1496 
147.9 193.75 214.603 237.085 254.615 269.596 287.101 302.076 314.551 330.383 344.545 358.753 369.601 382.947 
100.639 97.9148 95.1474 95.3843 96.3888 96.0452 91.7157 86.1468 82.5008 75.018 64.714 61.4909 65.82 85.8167 
375.251 409.36 439.599 458.809 474.668 499.581 539.559 558.623 546.98 596.127 
95.1964 93.2682 91.0346 90.4107 87.9731 79.6946 63.0732 47.9475 44.9384 33.1798 
750.439 750.432 
107.529 105.16 
586.254 632.941 668.789 
102.017 101.704 98.9377 
521.986 566.223 
106.107 105.831 
51.269 97.9325 
107.716 104.434 
420.361 460.384 489.653 514.549 
116.105 114.948 112.849 112.538 
213.775 257.044 
122.594 120.036 
469.628 513.765 
119.875 119.418 
283.803 328.833 362.032 384.701 405.404 
129.001 127.062 125.112 124.98 123.908 
234.678 289.125 334.184 
153.244 152.343 151.404 
408.762 450.439 484.543 504.61 537.9 
134.442 133.518 131.665 130.968 128.952 
311.787 353.584 386.98 
136.067 134.958 133.512 
324.05 378.904 
166.657 166.935 
224.599 273.718 323.593 355.19 
160.241 158.236 157.196 157.994 
247.154 299.641 342.14 377.959 
157.266 155.8 154.973 155.921 
616.403 676.93 
185.084 189.197 
272.038 308.724 
163.375 160.646 
534.744 593.851 
186.241 189.486 
67.926 130.491 177.095 213.771 
179.759 176.961 175.717 176.84 
102.057 161.25 205.452 
183.442 181.241 180.421 
453.71 504.567 
181.683 183.081 
0 0 
259 294.273 
242.089 288.728 325.462 356.352 386.412 419.54 
399.551 394.689 391.876 392.446 392.095 387.352 
269.553 312.12 
439.735 434.425 
439.392 481.925 520.759 552.57 
457.25 457.783 457.484 457.725 
393.846 438.029 474.018 504.847 
459.717 458.941 457.342 457.37 
174.566 210.43 236.246 
3.46398 2.31572 2.59836 
72.0583 144.555 
7.59819 8.35302 
190.473 250.362 256.207 
12.4008 11.8469 11.802 
0.36744 0.386553 17.0765 32.9001 
13.9621 11.9164 13.0833 17.7587 
145.396 179.577 203.725 
20.8465 19.7753 20.2893 
0.324078 0.327525 0.359545 
24.6336 22.1414 22.4458 
479.664 523.8 
25.7604 23.1473 
132.404 161.895 
31.3935 30.5153 
215.033 246.47 
149.777 147.902 
409.584 440.391 449.63 
47.8987 45.2157 44.5467 
462.864 505.414 529.543 546.241 
48.9717 47.1525 46.5501 42.526 
408.801 438.733 
77.9217 75.5148 
574.581 604.536 
54.6337 51.5576 
192.662 225.867 250.236 
68.547 64.4336 65.2264 
18.7385 54.5401 
71.3977 70.1471 
407.919 437.079 457.943 
82.0555 79.6458 79.1663 
54.6208 88.82 109.653 126.299 142.099 156.228 169.548 181.189 
86.6863 85.5017 86.2743 89.7228 94.1481 96.3235 95.6953 92.8174 
566.3 599.578 622.927 641.238 659.584 679.597 697.987 714.636 
93.0163 90.5027 89.4067 84.0396 69.1027 44.0187 22.8768 16.817 
118.75 152.072 170.448 
92.0855 90.551 90.8355 
219.574 251.215 273.761 293.733 
86.3869 84.3301 84.4066 84.9904 
579.577 612.154 
91.3384 88.534 
101.25 133.763 154.616 171.289 
99.5827 97.7728 98.3629 100.534 
55.4666 88.8108 110.391 126.306 142.08 
104.119 102.282 103.184 106.389 110.518 
424.577 456.241 475.233 
108.781 106.29 104.654 
218.741 252.995 
103.023 101.118 
117.887 149.651 171.278 188.788 
109.095 107.099 107.554 109.704 
195.437 216.298 237.94 255.466 272.923 288.762 302.926 318.793 332.163 345.466 
114.317 111.447 111.765 112.744 112.577 108.275 103.05 99.3512 92.2625 82.2228 
3.65239 39.4012 60.3008 79.4783 97.8804 116.26 131.298 143.8 155.469 166.293 173.728 183.693 196.221 222.031 261.202 308.651 360.271 399.457 431.844 474.219 527.676 576.133 622.785 
113.941 112.34 113.369 117.702 123.957 128.595 129.676 127.128 121.27 106.704 92.8857 91.3885 105.747 121.156 132.688 138.851 147.322 151.259 163.447 184.236 229.827 253.112 258.846 
602.849 643.704 
116.347 114.382 
256.149 298.732 
123.157 122.292 
508.726 541.166 567.039 590.407 
134.012 132.188 131.718 128.058 
413.69 444.582 470.318 
139.343 137.095 137.239 
592.108 630.451 
138.462 136.678 
134.492 164.535 
146.38 144.209 
456.883 440.577 472.057 492.849 
144.315 138.567 139.062 136.454 
169.626 203.478 
150.006 148.061 
604.004 642.631 
159.721 158.478 
207.403 251.722 
180.534 179.123 
350.413 400.396 
167.118 167.282 
603.851 641.577 
165.718 163.99 
60.8448 112.031 
174.053 172.681 
118.004 162.892 
181.195 179.189 
232.536 279.402 317.721 
194.997 194.017 195.141 
563.774 608.706 
191.022 190.855 
701.232 751.059 
197.991 197.32 
219.823 266.712 
205.95 207.095 
309.796 348.724 377.886 408.712 
438.727 436.352 436.369 435.579 
440.225 477.859 508.348 
471.192 469.802 469.61 
170.425 193.763 
1.5555 1.86035 
356.179 383.717 
7.48517 7.10725 
280.432 306.258 
3.84812 4.09403 
360.413 387.92 572.081 
1.75168 1.90775 2.37549 
712.919 746.232 
3.65172 1.98592 
167.902 192.073 
12.4308 13.195 
209.583 236.237 
13.7651 14.2347 
352.914 379.586 
18.8282 18.6684 
94.5488 118.74 
20.3038 21.4702 
364.585 408.694 
16.209 16.9612 
512.077 542.894 
25.5536 25.1608 
171.271 196.257 
23.8737 23.4066 
212.898 237.884 
25.0558 25.5514 
352.926 381.175 
31.0915 31.0263 
167.046 186.232 
30.5079 30.9847 
170.207 188.229 201.737 212.941 223.273 233.349 243.621 253.752 265.066 
58.9968 59.0487 60.7308 62.1612 60.6001 57.2861 53.898 46.5202 33.9055 
300.379 320.104 335.057 347.494 
39.5804 40.4108 38.743 35.4112 
505.455 527.907 
48.8016 48.1328 
454.535 475.409 492.105 
56.2706 55.5589 52.4147 
601.81 624.667 643.481 
86.3838 85.4386 79.7261 
305.355 328.693 
68.0037 67.9382 
55.321 74.4872 
85.5434 86.4047 
92.8826 113.666 
89.2283 90.0423 
88.8201 109.648 126.309 
93.8399 94.6138 98.0502 
152.046 175.394 192.048 208.737 223.768 237.915 250.479 262.962 275.418 287.911 300.369 312.846 336.239 
93.4487 94.0858 96.1031 97.9712 96.7495 93.7344 90.3651 83.4515 71.2826 63.7818 65.7157 83.8879 97.315 
286.274 308.818 327.967 345.424 
100.89 100.975 100.889 97.8466 
132.117 154.614 
102.552 103.41 
362.965 387.138 
107.345 107.247 
381.301 405.358 424.597 
103.346 103.388 101.956 
457.945 481.236 502.941 
108.62 107.982 105.294 
60.4333 81.8765 
126.312 126.692 
189.59 211.245 
112.809 113.009 
262.927 211.245 
118.643 113.009 
365.343 388.756 
122.697 122.857 
590.388 611.236 629.63 
133.249 132.251 127.195 
402.131 423.726 
135.028 134.802 
133.756 152.058 
137.022 137.347 
628.026 655.431 
150.124 149.431 
664.509 692.876 
153.022 151.922 
209.186 237.475 
151.251 151.993 
715.463 750.537 
197.489 196.757 
176.69 233.424 
256.01 258.661 
672.342 707.417 
463.068 463.572 
679.23 725.982 
479.977 479.79 
130.397 147.085 162.912 205.424 189.656 
17.6113 20.307 23.4694 21.3787 21.0849 
180.232 193.401 204.136 213.198 
30.5004 32.1906 34.5391 32.1664 
702.089 723.74 
56.117 49.1183 
647.916 666.253 
64.5885 58.6228 
367.876 382.91 
73.5191 72.2207 
467.922 486.271 
76.997 74.1621 
635.349 654.561 
87.491 81.8256 
0.209315 0.338333 0.369291 0.416759 
92.5403 96.3918 104.947 114.594 
692.989 712.954 
97.5342 91.0999 
251.605 270.254 287.586 
100.306 101.174 100.38 
274.613 292.966 311.255 327.891 
101.615 101.986 100.137 93.8369 
0.342856 0.375863 
107.195 110.943 
750.464 750.463 
115.512 106.948 
671.28 698.727 
113.326 107.531 
473.784 454.521 
117.501 112.221 
396.677 422.711 
132.893 130.135 
183.592 198.73 213.756 
144.524 146.506 148.595 
188.719 205.411 221.257 
140.701 142.999 144.425 
148.731 164.546 179.58 
143.934 146.692 149.651 
173.806 237.398 
479.02 478.893 
378.796 409.603 
431.89 431.159 
540.707 573.861 
474.249 470.764 
213.752 229.588 
3.51594 3.92885 
137.068 152.924 166.293 180.435 194.609 207.902 
24.3187 27.7091 28.5864 26.4259 22.3176 14.458 
215.426 231.262 242.918 260.45 
25.8118 26.0633 22.9423 17.386 
199.561 211.253 220.472 230.367 239.688 
32.5694 33.8607 31.9935 28.3228 24.6364 
287.349 305.756 324.156 341.01 355.46 369.795 383.106 394.368 405.691 416.535 
148.779 147.061 140.539 134.516 130.412 124.564 117.862 120.439 129.644 155.519 
36.2048 48.7268 
57.8972 65.5248 
258.727 277.093 
66.1506 65.2908 
474.609 489.591 504.621 519.602 533.779 547.129 565.453 581.253 594.582 605.419 637.901 687.098 750.489 
76.5369 68.0556 52.2097 38.1565 33.2785 24.2703 19.3901 30.0388 41.2751 68.7141 75.7803 88.3929 101.568 
412.05 397.933 412.061 425.359 438.679 452.006 467.074 480.417 495.398 506.258 534.579 575.382 
76.922 70.6499 59.884 49.683 45.3878 37.0434 29.4327 33.7234 41.7421 66.1274 75.5081 87.9426 
129.576 145.418 
77.2305 81.1659 
92.028 105.407 120.428 
90.4657 95.698 99.9871 
653.015 672.928 
97.2241 82.0759 
496.088 514.653 531.259 
102.081 92.4286 75.3226 
357.955 386.262 
123.233 119.328 
491.228 512.099 531.25 553.749 572.08 
134.82 125.89 109.584 95.3753 90.3249 
679.577 703.795 729.63 750.488 750.514 750.513 750.457 750.497 
143.838 128.154 101.899 79.988 75.332 66.8807 69.4024 91.3248 
171.266 184.585 
153.539 156.214 
262.509 279.846 
153.86 154.651 
500.623 547.918 
408.024 401.238 
584.253 622.559 664.327 700.26 723.634 746.188 750.662 
454.444 443.278 423.213 406.187 401.664 394.476 396.534 
536.868 573.155 615.483 649.607 
454.681 443.925 426.127 410.578 
292.907 205.424 
20.7627 21.3787 
671.52 691.467 
64.0126 38.9747 
0.412313 25.4239 38.0262 30.4971 21.3043 
35.5235 43.8713 47.372 46.2085 41.7581 
499.187 514.3 528.77 
62.9609 47.0635 32.9178 
410.407 416.238 428.764 441.261 455.385 470.421 487.918 
55.237 44.3061 33.9265 29.7081 20.9036 12.9888 17.2472 
504.58 518.703 533.695 
65.1598 48.6122 33.9255 
345.422 359.581 
80.9825 72.8514 
208.746 222.079 235.426 248.758 
81.719 80.2776 77.1923 73.8333 
425.449 444.588 462.117 478.713 495.379 512.907 528.787 543.798 556.369 589.628 
100.234 88.2337 76.9016 72.2566 63.986 58.4415 65.7794 75.4575 100.786 109.779 
607.094 629.62 654.587 
104.97 83.4446 64.6464 
431.235 448.759 
103.389 90.9151 
710.43 740.459 
107.307 80.1825 
515.398 536.242 557.892 575.381 592.072 610.386 627.076 642.074 
106.012 89.2466 74.1811 69.0517 60.2558 57.2613 70.8317 83.9378 
424.598 443.751 461.244 477.894 494.574 
118.4 106.45 95.286 90.8282 82.7591 
72.557 88.45 
120.957 126.845 
602.105 624.621 651.36 669.676 690.495 710.46 722.086 737.056 750.441 
124.723 103.904 85.482 80.0886 70.6207 70.4948 90.2706 105.988 136.772 
517.05 541.252 564.599 584.595 605.46 624.586 637.909 
132.949 116.426 101.557 96.4626 87.7805 85.4983 99.8451 
709.57 732.086 750.472 750.446 750.498 
144.911 119.104 97.4651 92.6676 84.4481 
520.366 548.756 574.639 597.966 622.109 643.76 660.38 680.378 
141.606 125.147 109.927 104.696 95.8666 94.1042 109.914 124.377 
383.659 406.256 425.483 446.286 465.459 482.105 496.174 511.126 526.174 561.11 607.749 673.361 
152.469 142.538 132.972 128.832 121.385 115.934 122.016 131.166 155.286 166.111 182.075 200.961 
61.1553 70.3329 60.3346 
5.5068 6.11454 6.34723 
162.078 175.428 
7.01175 4.68817 
520.377 534.858 
17.914 0.331357 
356.66 368.487 380.685 
53.7722 45.4349 41.2832 
363.539 375.473 
53.7564 44.6302 
412.023 424.501 438.643 451.12 467.03 483.755 496.334 504.625 516.229 
52.1961 41.7484 37.463 28.7071 21.0953 25.1963 33.1672 57.4542 66.8445 
459.561 465.397 
50.7836 39.3895 
464.615 478 499.609 515.467 532.086 552.882 
65.5006 53.309 48.272 39.418 33.804 41.9171 
36.2365 47.9068 57.9527 67.9454 
73.2155 76.9295 74.2692 68.3564 
362.893 378.83 394.598 409.573 425.433 441.264 454.62 467.973 
89.8046 81.4707 77.2614 69.466 61.5565 63.5884 70.2686 92.9123 
367.908 383.756 399.592 414.579 428.764 445.388 457.884 470.419 
92.3492 83.871 79.7387 72.0094 64.1546 66.3433 73.4287 96.2194 
304.876 320.264 334.808 349.384 363.886 
99.4676 89.5 84.5579 77.0204 66.2411 
431.249 424.584 442.069 467.034 472.077 481.271 491.256 501.266 529.607 572.814 
109.088 99.6036 95.0631 86.9067 80.8972 85.7624 93.6772 116.941 126.822 140.621 
556.06 589.325 
138.209 123.272 
466.25 496.233 521.253 547.929 572.082 592.068 
143.841 130.747 125.484 117.35 114.482 126.617 
379.339 408.286 
169.321 159.833 
228.75 242.907 254.61 
147.933 145.215 142.595 
263.751 292.916 317.08 339.583 
175.365 169.546 165.291 158.737 
270.468 292.911 
198.805 192.237 
212.143 243.122 
194.752 192.735 
0.393321 22.3109 
234.464 239.77 
47.9456 179.696 
456.878 456.956 
369.892 382.498 
15.3959 10.4406 
498.813 505.411 
25.3277 21.1882 
222.279 232.717 
28.8621 25.4511 
308.787 325.518 340.487 357.956 375.42 
54.1639 49.8326 41.9907 30.9518 28.4044 
548.762 565.433 581.272 598.757 613.733 
60.1666 55.0238 45.6765 41.9744 54.7093 
656.248 673.698 694.492 
67.889 62.16 52.5003 
553.717 570.428 589.549 608.737 625.437 639.627 653.819 
71.4889 66.4303 57.4216 54.269 67.8714 80.4424 108.754 
343.667 357.851 372.843 387.043 403.747 416.231 428.79 
86.7731 82.8901 75.2521 66.2741 65.9946 71.6503 93.21 
557.119 574.628 593.779 612.097 625.404 641.205 
96.8384 91.9301 83.3233 80.7427 94.4124 107.13 
229.604 240.451 252.112 
91.5361 88.3782 81.6143 
174.624 186.315 197.925 208.771 
98.4336 95.3711 88.847 74.9561 
750.461 750.484 750.496 750.446 750.478 750.516 
114.847 109.406 101.155 104.161 126.362 142.387 
497.91 518.716 544.551 567.91 588.791 
122.432 117.597 109.368 106.215 118.026 
12.9319 28.7466 43.7746 54.5932 62.8918 74.523 87.9231 119.549 165.389 219.519 275.366 319.413 354.457 397.886 453.783 506.214 552.781 609.36 
134.159 131.999 126.758 109.207 88.5447 83.7804 95.3493 113.358 124.944 129.368 135.803 139.079 149.476 170.601 220.136 244.91 248.885 242.857 
432.077 447.912 
133.924 130.219 
324.57 338.66 
142.717 138.332 
208.751 219.575 230.4 293.751 302.908 309.597 320.394 342.061 
149.597 146.877 140.859 127.961 122.294 124.412 142.294 154.817 
382.929 412.084 437.081 447.919 464.514 478.883 507.179 544.671 604.034 670.39 
172.169 167.289 160.254 155.178 160.958 168.907 194.655 207.077 227.166 250.597 
364.583 394.584 415.409 
170.391 165.502 159.23 
431.232 451.191 472.04 494.582 512.961 
172.289 166.523 160 155.779 163.832 
0 13.5854 31.1055 41.1824 47.2348 61.9106 
185.535 183.663 178.819 162.497 142.772 138.282 
3.7202 20.3252 39.4747 48.5395 55.3567 64.5048 
191.091 189.104 184.058 168.41 149.057 145.331 
620.44 642.93 665.436 
370.068 366.029 359.257 
750.431 750.476 750.446 750.437 
383.559 377.079 368.314 370.188 
616.228 639.557 
414.784 410.677 
116.188 200.343 281.196 347.785 399.583 
429.221 426.852 426.706 429.68 447.92 
652.117 653.811 689.606 
415.099 408.943 403.481 
0.187976 10.5417 79.6339 133.869 170.383 
417.997 407.724 406.659 402.927 407.254 
145.421 218.975 
423.718 419.399 
275.387 361.232 
436.51 432.253 
47.1352 119.648 
434.237 431.614 
105.618 193.913 
452.845 451.486 
72.2542 148.605 
459.197 456.533 
436.668 450.245 
7.07401 0.406511 
367.99 381.847 
11.2486 2.91113 
276.238 291.222 
12.8122 4.35307 
296.188 307.842 
49.8173 42.1741 
750.519 692.895 714.548 729.601 744.646 
53.5233 49.299 48.8763 68.9267 84.8133 
135.403 144.632 
68.5171 61.9303 
276.222 285.41 
69.1571 62.0075 
624.611 663.739 
91.6899 81.8842 
395.45 410.453 
95.2544 87.75 
616.108 643.555 
116.519 107.526 
67.922 77.9343 
107.188 101.622 
22.1392 36.2749 45.4367 
118.145 112.535 94.4405 
29.1863 44.6394 55.6708 63.1398 73.7315 87.2406 119.511 163.732 216.807 
147.251 142.197 124.955 105.341 101.014 112.689 130.932 142.798 147.867 
479.798 509.74 
163.315 155.861 
361.269 387.09 
168.294 161.642 
317.082 332.918 355.409 373.719 393.785 427.878 453.69 
171.947 165.529 157.691 157.512 164.256 188.203 200.918 
291.249 319.577 
190.2 184.003 
67.0526 87.1577 
229.439 224.075 
484.564 541.211 587.893 623.705 
279.259 273.3 274.991 294.134 
658.68 677.192 689.549 
373.029 366.213 367.48 
673.047 694.662 
405.511 398.594 
714.619 732.939 
418.405 411.033 
90.3574 162.839 217.91 257.055 
421.768 421.106 419.628 428.893 
682.893 694.535 
418.121 410.026 
178.039 258.607 
434.427 434.14 
287.867 372.931 
435.048 434.418 
352.116 445.245 
442.635 443.062 
344.532 449.521 
450.019 450.993 
276.343 421.138 
456.279 464.644 
183.791 253.797 303.01 
448.394 447.478 448.031 
502.876 582.101 
456.602 453.594 
359.496 451.145 
458.721 458.246 
297.915 378.742 
463.774 463.036 
212.133 302.086 
472.446 472.892 
733.752 750.454 
6.26682 6.78666 
523.804 539.559 
11.8401 5.8595 
562.849 580.402 
19.7327 15.2026 
243.974 256.792 
17.8792 3.79013 
562.806 579.502 594.579 607.881 617.969 647.119 700.455 
35.8206 31.6641 43.1261 54.5536 82.13 88.8017 102.016 
497.893 515.415 531.247 546.199 
66.7354 61.1995 68.9078 78.8431 
508.776 539.588 
76.9461 71.8159 
525.084 538.613 
87.3642 77.9931 
25.3179 36.5182 45.2991 
116.725 98.6375 77.0437 
150.389 161.243 
120.167 106.096 
308.762 319.59 328.737 337.914 348.69 
133.967 123.996 119.953 122.963 141.172 
399.583 458.753 
180.948 176.13 
229.561 235.42 238.768 243.802 249.728 273.741 306.363 346.326 393.013 430.712 460.453 502.267 561.051 
186.71 175.04 165.986 166.552 181.773 195.492 206.216 212.461 221.62 226.647 240.283 262.24 309.587 
248.752 264.579 275.324 287.768 300.209 332.706 375.245 425.239 481.08 
210.208 199.248 192.684 195.33 212.867 227.165 240.788 252.203 267.806 
432.079 450.389 453.745 
221.528 217.737 223.797 
524.583 562.941 
227.088 226.459 
53.8798 63.8814 66.2557 71.3657 81.3423 
234.267 219.367 202.12 199.667 211.533 
47.2395 98.9478 
390.773 385.696 
424.51 432.04 
418.652 416.6 
295.388 362.36 
418.165 420.941 
239.041 328.292 
447.801 453.448 
409.695 477.983 
454.512 460.8 
549.635 571.222 
462.484 465.592 
616.984 634.588 652.044 664.589 
29.5971 43.3451 56.3706 85.332 
595.377 614.584 611.252 619.578 
34.8817 47.848 59.4267 87.1502 
552.853 569.618 586.212 598.703 631.238 682.92 
41.14 51.019 62.2906 88.9721 96.3171 109.565 
626.237 639.584 
46.4036 60.4123 
263.766 276.253 287.106 
69.0642 60.8418 62.3695 
164.573 172.079 181.214 
76.8687 62.3139 60.2214 
479.621 493.757 
77.9591 83.2397 
510.413 525.434 
77.7093 85.0121 
425.432 438.774 
79.8994 82.0184 
702.924 750.453 750.455 750.481 
88.2348 108.583 123.918 153.897 
673.99 691.278 713.067 
107.855 125.352 140.891 
565.05 586.1 
103.52 115.064 
363.773 373.717 383.758 393.789 
122.797 121.377 126.125 145.854 
77.888 83.6424 
125.08 106.293 
104.595 107.091 
137.876 116.861 
322.911 331.228 341.195 350.328 375.346 
127.625 123.391 126.973 145.406 157.849 
238.751 245.414 253.751 
128.844 119.661 120.398 
229.987 234.429 241.059 
145.49 136.268 137.871 
533.817 554.571 573.715 
152.897 163.504 175.371 
361.25 379.577 
150.368 150.512 
11.0769 15.2935 
161.963 140.859 
332.915 364.541 387.139 411.139 455.387 
175.467 175.937 183.263 206.196 222.31 
185.281 189.321 
184.619 170.468 
113.816 117.562 125.6 
206.229 190.083 188.535 
570.572 600.757 
213.25 228.588 
297.931 323.772 
214.218 213.531 
300.803 323.69 350.307 
215.802 216.196 225.333 
581.055 617.329 662.324 714.847 
262.905 280.74 302.495 343.276 
572.289 602.29 
226.154 239.464 
296.183 316.163 
255.721 256.168 
117.116 120.509 127.185 
263.861 249.973 249.229 
0 0 
265.494 246.864 
611.314 654.654 
324.555 342.044 
252.884 251.342 
391.513 393.236 
333.665 384.407 
422.669 439.626 
343.017 395.489 
437.264 455.894 
344.694 398.656 
441.277 460.084 
291.286 307.822 
467.662 479.232 
272.665 285.756 
0.314785 0.379513 
277.883 289.623 
25.4772 26.2729 
658.057 671.472 
25.8528 41.315 
553.752 562.911 567.915 603.76 650.421 722.086 
14.6414 24.7452 51.2754 59.3488 71.1269 82.8556 
750.425 750.478 
29.24 45.6708 
83.7555 93.7544 
29.3457 24.5037 
162.921 174.585 188.687 214.566 255.379 
30.0156 27.8931 42.9475 59.8738 72.0868 
388.863 404.017 419.043 
38.7393 42.9035 64.5856 
313.75 327.078 
43.7329 46.4174 
92.0928 100.402 112.077 140.448 204.56 252.966 306.258 347.038 377.964 417.906 
65.1972 60.6366 72.974 90.8311 104.078 109.026 116.184 119.116 129.268 149.653 
217.082 230.382 242.889 
63.2607 63.0657 79.1568 
378.443 392.662 408.114 
63.752 37.9349 41.3159 
40.3843 46.2139 
72.0715 65.9137 
150.007 159.846 172.574 200.784 239.312 288.524 
89.8983 87.5671 101.431 117.655 129.334 135.259 
337.09 344.581 
115.221 118.792 
362.954 383.826 
146.546 152.08 
300.479 307.166 313.914 337.188 371.321 414.536 462.917 500.634 532.404 579.636 648.977 718.7 
166.113 168.722 185.762 198.664 210.702 219.865 232.08 238.64 255.035 278.555 325.284 354.803 
572.968 599.694 628.05 687.208 
187.976 201.761 231.016 245.998 
587.974 622.139 658.156 
225.149 242.941 274.873 
102.96 104.65 
194.009 193.537 
245.448 249.643 
194.179 194.926 
581.802 603.568 
197.254 202.438 
209.548 215.251 
243.01 253.006 
483.748 474.522 
231.272 240.05 
365.45 397.031 434.64 494.5 
259.323 271.6 300.918 325.086 
89.7595 95.5164 
259.529 258.39 
41.6563 40.448 
445.494 447.991 
597.473 608.5 
36.983 64.5206 
599.741 611.137 641.806 
3.78594 32.8883 39.3016 
584.658 595.21 
36.2672 58.9068 
605.972 616.914 
36.3744 64.5408 
387.105 400.43 426.257 466.253 521.255 586.241 642.896 689.592 750.486 750.422 
32.9842 54.354 66.0509 78.6734 88.6517 101.384 106.559 123.651 141.088 170.767 
347.072 358.734 382.071 422.078 469.552 527.076 576.293 617.932 672.058 
35.7549 55.6778 68.2474 80.5497 89.2669 100.513 104.858 120.252 138.251 
664.583 675.452 708.753 
47.9271 77.3414 82.8234 
225.445 237.974 262.951 
59.8354 75.5127 90.6684 
56.9395 72.262 105.611 
71.363 83.1643 102.401 
568.129 587.746 615.689 666.402 
97.6275 127.337 132.415 146.768 
68.6652 82.0257 
102.557 113.958 
125.019 136.634 
123.251 135.093 
658.755 672.916 
113.667 142.092 
607.504 628.336 
127.615 155.086 
343.765 354.554 378.76 415.384 
133.549 152.38 164.478 177.423 
530.563 559.729 
174.71 201.801 
349.546 377.863 
221.538 245.757 
618.874 654.656 
241.828 274.076 
638.804 680.467 
257.044 292.04 
251.347 292.075 363.081 
319.28 347.946 373.909 
211.968 227.926 262.534 
316.042 337.442 356.76 
713.76 750.422 
30.1353 34.0282 
538.774 538.716 581.206 
52.4814 59.6857 71.5775 
504.646 527.935 570.434 632.03 
73.8914 83.3504 95.2206 107.739 
382.175 407.964 463.775 515.506 582.921 
103.33 115.332 129.167 140.082 155.374 
697.049 737.893 
105.579 111.387 
667.85 697.893 
102.402 107.21 
212.306 239.291 275.086 
120.736 135.041 143.715 
552.136 583.784 632.084 
119.991 129.284 143.746 
683.865 724.559 
129.222 135.818 
302.926 327.929 
136.979 150.229 
263.716 287.869 
136.602 150.103 
35.9403 68.6956 
146.082 164.328 
88.3822 120.878 
150.316 168.256 
535.966 576.42 632.875 710.936 
185.19 196.978 216.283 242.279 
207.648 235.06 
204.279 227.043 
477.889 510.322 
263.923 280.202 
520.412 750.55 
309.613 361.28 
677.825 750.55 
335.968 361.28 
302.619 369.369 
332.223 357.593 
209.679 250.366 
389.463 392.91 
88.7432 123.738 155.411 202.074 
24.0914 37.893 43.1606 49.8296 
594.587 649.583 
31.0853 42.9529 
578.742 618.772 
35.826 47.6909 
363.744 391.268 442.098 495.437 534.567 565.386 
60.5746 73.1316 81.7831 92.5966 96.5003 109.931 
136.219 178.75 231.234 286.219 
72.4608 84.5843 89.7843 96.589 
614.541 667.856 
86.7339 100.012 
425.454 465.429 518.802 587.896 642.916 
98.8365 111.855 123.094 138.119 145.425 
79.5387 117.852 173.685 228.735 268.678 297.893 339.428 383.561 426.209 464.488 508.702 
95.1795 106.244 110.252 115.543 117.618 125.565 146.418 197.119 221.696 222.064 214.173 
432.878 473.046 527.212 
98.875 115.51 127.936 
497.865 495.351 550.4 
107.1 117.254 128.943 
689.66 750.418 
133.821 149.566 
533.661 578.688 
121.306 135.186 
427.232 465.585 517.289 576.556 629.108 672.334 738.042 
158.639 171.958 184.613 200.995 210.869 231.68 256.458 
637.82 697.823 
158.07 176.424 
349.25 382.596 425.679 474.377 
198.787 210.485 219.76 233.252 
512.875 563.886 
190.718 208.014 
454.651 509.486 569.5 
193.136 211.199 230.095 
230.542 266.229 310.471 
200.515 210.525 217.985 
323.215 368.306 
235.96 248.843 
256.954 288.02 
232.134 242.292 
629.686 750.548 
280.517 317.94 
442.007 511.344 
319.184 350.814 
258.437 301.603 351.46 
342.803 360.85 376.712 
0.474197 43.0396 
370.593 379.162 
282.844 328.022 
369.063 389.196 
222.915 277.078 333.756 376.253 414.593 459.568 507.064 553.715 601.233 659.542 718.717 
29.0117 35.7582 44.3585 46.9621 57.6775 77.6989 123.988 145.663 146.693 134.697 133.287 
351.249 402.895 467.087 514.585 556.256 608.751 670.375 
29.8627 37.6133 47.7366 50.3503 63.5854 81.1558 118.602 
573.746 638.762 
30.6628 39.9385 
215.42 268.753 327.075 371.241 406.211 
32.6433 39.4016 48.1209 50.6736 61.1632 
339.582 392.909 453.719 502.894 
33.9219 41.6993 51.5085 54.5132 
432.085 489.59 556.258 615.432 
34.3617 43.4037 54.2992 57.2633 
565.421 614.595 
36.0063 45.5834 
377.918 432.084 
38.4971 47.0752 
425.416 485.419 
39.6432 48.5092 
448.751 499.585 564.583 
44.5192 53.652 64.5824 
205.377 256.201 310.363 350.346 382.829 422.055 
70.3118 76.1466 83.5755 86.2229 96.2444 116.545 
595.411 710.395 750.443 
101.37 118.228 132.599 
259.573 308.697 361.176 449.502 
103.11 109.44 117.821 127 
750.473 750.46 
130.348 142.387 
151.211 205.651 263.647 307.41 341.764 
114.957 120.181 128.693 132.145 142.232 
299.608 346.264 400.475 443.011 476.262 521.328 558.797 
120.086 126.937 136.617 141.438 154.514 174.935 216.728 
119.593 173.734 227.912 266.369 297.236 335.527 383.559 425.486 462.213 
120.323 123.884 128.782 130.529 138.781 158.999 210.02 234.872 235.393 
174.553 227.879 
155.953 161.005 
207.237 255.451 307.007 346.85 378.464 
153.614 159.398 165.724 169.545 180.375 
240.584 288.406 
158.917 165.431 
317.947 363.822 416.312 
158.458 165.62 175.856 
372.112 418.775 469.604 511.219 
158.437 167.705 179.449 185.597 
90.8666 145.148 
185.177 185.81 
366.206 367.891 418.015 418.749 490.352 496.021 
165.848 168.946 178.982 177.087 198.227 211.539 
116.133 167.542 
175.532 175.781 
153.661 204.551 258.737 
186.027 190.697 198.368 
414.102 459.742 511.697 555.991 
253.673 265.924 283.431 296.539 
421.175 468.637 522.782 567.812 605.272 662.054 
220.972 232.741 248.569 258.377 278.455 304.682 
678.709 750.626 
237.419 264.967 
291.233 347.067 
232.194 241.336 
152.186 202.137 
239.712 243.606 
293.688 331.973 373.804 
252.624 257.785 265.155 
122.814 166.147 
400.436 387.822 
92.9355 145.673 
280.234 283.499 
168.85 215.492 262.087 
299.267 302.631 309.633 
438.801 492.013 
322.686 342.35 
404.474 449.683 
317.595 333.381 
388.379 428.684 
426.506 447.232 
331.449 377.818 
420.123 440.763 
358.557 406.073 
421.136 442.593 
310.407 410.407 429.565 
10.2637 19.1412 21.4135 
258.788 323.777 
10.3529 19.0857 
267.915 327.087 
18.9938 27.383 
394.583 456.247 506.245 547.899 
18.8389 28.347 30.5523 42.9979 
325.412 451.245 501.255 542.915 593.755 
29.828 39.8542 42.6821 55.4781 73.4376 
507.077 568.762 627.085 676.252 
39.6056 49.9252 52.7882 67.8437 
542.087 612.93 679.585 739.594 
44.3557 55.7028 58.6561 75.0851 
367.914 429.576 
45.5485 55.5861 
510.406 570.429 
51.6269 63.2559 
552.064 622.905 
53.2236 65.0389 
223.737 254.611 277.105 300.442 356.228 
70.647 75.8959 76.8064 84.3283 106.503 
309.596 362.036 
93.5376 101.78 
461.26 483.848 
138.65 147.91 
662.195 740.396 
154.951 174.782 
248.04 306.229 268.554 
153.92 163.907 186.267 
632.932 696.382 
155.277 172.808 
331.317 381.239 
164.1 172.98 
77.9553 143.792 
169.97 176.18 
46.7504 111.788 
172.064 178.299 
465.471 519.55 
173.282 187.319 
415.64 465.999 506.966 
186.193 197.167 203.044 
513.824 572.101 623.133 666.313 735.53 
212.462 230.323 241.896 264.322 292.438 
469.486 524.46 
210.244 226.089 
250.702 302.412 
226.238 230.399 
25.3766 91.1038 
228.434 231.645 
461.121 515.117 
230.568 247.006 
555.493 631.664 
237.598 263.615 
462.998 515.476 561.381 
298.385 318.53 333.324 
478.448 540.042 
428.084 465.207 
57.6163 106.914 
37.5476 42.8337 
481.25 530.415 
3.76308 4.20418 
469.578 519.581 562.086 
9.25727 10.3158 22.476 
536.251 579.577 626.245 
13.8677 15.074 28.0702 
562.083 621.25 673.761 742.912 
28.8599 30.4828 44.5471 59.0257 
573.75 632.082 683.762 
38.9705 40.6385 55.0749 
272.923 281.237 311.255 387.92 
42.7151 44.2047 52.808 75.3237 
646.904 710.072 
67.6238 70.8598 
242.957 279.538 310.356 350.383 402.09 437.066 476.263 523.727 567.05 
89.1427 90.8499 99.2257 119.881 170.331 194.908 195.219 186.643 188.587 
565.434 621.321 672.033 734.571 
116.876 122.97 140.868 159.712 
401.292 443.874 477.98 522.942 
127.534 131.898 144.994 165.238 
272.94 315.099 
155.416 160.425 
453.786 503.017 541.34 589.708 
142.596 148.817 163.983 184.574 
227.486 268.554 
182.876 186.267 
480.41 521.898 553.509 
196.292 203.065 219.017 
55.2884 102.667 133.61 
201.342 200.609 204.485 
514.575 559.495 596.017 
202.132 210.049 228.152 
0.373419 46.1309 
214.339 213.905 
78.928 132.243 167.187 216.427 
205.57 203.816 207.728 226.488 
0.268987 30.0934 63.4851 112.577 168.489 
223.748 226.086 228.769 249.28 308.402 
305.08 338.487 360.477 
435.376 442.115 459.506 
362.071 401.419 
222.113 225.373 
378.815 412.133 
247.646 251.898 
534.58 578.658 616.059 676.918 
282.933 294.92 317.686 348.426 
77.3509 119.591 146.363 182.807 
320.862 319.576 325.035 344.343 
563.84 614.68 657.085 
315.082 331.758 359.579 
527.91 573.739 612.092 
307.94 322.121 347.059 
98.7974 141.893 
332.082 333.077 
550.294 602.829 648.036 
369.121 390.652 424.3 
462.954 501.238 
11.4387 22.9016 
431.253 470.417 549.585 
14.8123 25.8269 43.8512 
701.255 750.418 
14.8286 29.8744 
359.584 387.903 408.725 483.658 
20.2069 31.2839 51.9858 99.3439 
292.081 326.251 
19.2833 28.5044 
372.081 408.754 448.751 494.656 
29.9309 40.1988 60.3301 107.921 
196.392 230.836 
61.2743 69.6069 
277.914 312.92 
35.5607 44.4927 
101.359 140.526 
50.2194 56.9872 
373.765 416.265 459.583 
37.8003 48.2945 67.9134 
367.922 403.746 
40.1298 50.5358 
514.584 557.925 611.249 
40.3737 53.3364 70.4689 
681.251 737.087 
44.365 60.2753 
746.246 737.087 
44.9927 60.2753 
187.153 222.171 
53.9527 61.3397 
673.758 729.606 
65.1094 81.5515 
609.573 659.585 
65.7183 81.211 
662.083 712.905 
69.6184 85.7607 
402.035 435.309 478.664 
90.1361 101.405 121.348 
348.724 379.559 419.606 445.473 
101.509 111.449 131.885 178.789 
267.909 299.471 
103.815 112.035 
328.756 378.738 
107.859 119.679 
448.831 486.283 
106.993 120.141 
452.13 442.054 483.656 
109.934 117.332 137.126 
246.68 276.827 
141.384 148.663 
531.216 571.207 
117.534 132.508 
497.097 533.013 
138.646 153.107 
497.082 532.987 581.247 
144.591 159.104 179.601 
207.023 235.398 
141.837 148.759 
168.735 210.392 
141.91 147.551 
195.504 231.287 
177.938 187.917 
538.784 578.678 622.852 
146.785 162.616 181.775 
472.928 486.291 559.633 
146.991 157.654 182.571 
625.655 682.87 
161.587 182.419 
517.155 541.281 605.414 
152.364 166.043 188.767 
391.149 423.677 459.911 
179.771 193.323 216.571 
505.477 540.346 
182.576 198.261 
704.584 541.281 
177.076 166.043 
464.609 496.175 
177.762 191.631 
557.925 594.619 649.589 
191.201 208.567 231.222 
502.051 535.428 585.46 651.276 
195.591 211.196 233.539 276.927 
460.447 492.094 536.94 597.811 657.89 712.05 
191.92 206.201 227.763 272.719 298.087 308.934 
612.937 654.629 
200.293 220.18 
137.359 174.494 219.61 
194.444 198.143 217.26 
563.779 601.195 656.185 
194.416 212.37 234.933 
553.829 588.844 
204.993 222.485 
107.141 137.875 
203.259 207.652 
611.383 652.17 714.538 
216.428 236.71 261.448 
343.706 375.35 
227.121 237.986 
202.07 206.142 
239.165 250.204 
100.253 130.305 173.552 
239.705 244.059 264.422 
223.178 255.281 300.99 
272.966 285.424 304.595 
510.462 540.93 
245.221 261.79 
532.584 572.71 636.788 
279.184 300.275 330.551 
621.432 663.594 
248.794 271.448 
469.694 518.878 565.221 610.239 750.476 750.645 
270.865 292.508 317.685 361.809 414.376 417.232 
367.077 392.813 436.987 
273.633 286.854 311.256 
242.711 273.332 
294.535 310.383 
208.835 232.848 
305.667 319.223 
52.1796 81.9412 
324.009 325.851 
386.292 411.716 
334.587 351.209 
107.247 132.396 178.141 
390.184 396.907 424.506 
163.629 188.545 
382.574 394.059 
569.532 617.098 
397.223 432.049 
157.202 181.565 
427.904 438.781 
148.935 174.436 
393.825 400.366 
628.825 678.882 
401.852 439.247 
392.575 434.777 
0.296171 15.3469 
419.369 463.682 505.572 
0.0566385 3.20781 52.9848 
601.255 655.399 
29.3699 44.712 
402.928 432.08 473.776 
28.9861 48.7886 97.5138 
552.917 607.906 
37.904 54.6845 
632.913 665.419 
38.3903 53.9069 
745.419 742.912 
45.1275 59.0257 
0 0.0267804 0.310905 
48.6644 72.6133 145.548 
665.411 729.582 
58.9547 74.04 
542.8 594.545 
68.6857 86.6734 
297.589 337.094 381.853 
87.1019 107.917 158.744 
409.607 454.538 500.416 545.421 593.765 647.096 
95.1884 115.018 160.43 183.382 185.659 175.533 
526.248 571.278 
111.268 130.029 
609.549 643.733 
127.424 144.818 
435.359 478.644 528.732 
133.331 153.747 198.977 
690.352 750.49 
164.237 183.995 
445.527 491.787 
172.681 194.087 
546.187 595.36 672.146 
201.566 223.201 267.495 
67.7603 130.325 
218.588 236.541 
202.082 248.741 
244.833 270.262 
438.92 482.062 557.067 603.698 653.642 
264.87 287.984 342.138 368.927 381.576 
436.92 479.484 
279.123 301.996 
184.344 230.403 
316.417 342.962 
484.3 526.752 
327.563 352.631 
135.86 177.241 
365.149 387.39 
114.115 150.304 
414.08 429.349 
230.267 279.082 322.119 
0.390852 66.2268 92.8702 
626.261 680.412 
32.0007 67.8536 
526.222 564.481 
51.5861 95.8159 
170.533 220.413 
80.0324 142.232 
449.685 497.687 
119.703 161.94 
587.248 651.266 719.561 
174.253 215.251 236.56 
140.486 222.957 
176.398 231.58 
391.248 445.319 
194.203 245.266 
334.45 393.876 446.509 492.599 546.167 
252.992 308.01 336.028 347.523 349.885 
643.637 721.365 
245.93 288.946 
214.683 270.907 
250.157 311.926 
170.298 229.366 
364.687 429.468 
552.676 628.877 
403.489 465.301 
234.161 279.59 322.047 364.071 404.286 
1.20871 37.108 33.7503 25.4141 27.9015 
556.097 594.497 648.58 713.168 
43.5699 63.2738 60.2475 40.0337 
657.138 727.109 750.535 
97.9735 113.211 117.874 
583.706 578.685 
203.549 220.69 
438.966 490.905 
213.753 241.271 
750.744 750.692 750.774 
284.154 298.483 301.626 
595.242 610.357 664.456 
263.997 281.647 290.292 
225.367 271.693 307.302 351.4 
321.063 349.888 347.911 341.862 
542.035 603.167 651.275 714.048 
352.826 383.326 395.38 397.04 
181.83 227.221 
30.3063 26.9823 
173.261 219.416 
9.6232 7.88016 
181.601 226.273 268.739 311.588 
47.7262 42.9362 36.1345 39.9997 
174.112 220.327 263.796 305.003 
37.2956 33.0397 26.2889 31.2082 
286.353 327.629 369.684 409.657 
80.4448 77.9244 70.4307 73.7625 
153.424 196.407 238.618 276.276 
64.8773 60.6817 55.202 62.1266 
175.971 220.824 264.537 306.22 
50.5502 45.5074 39.6633 43.8283 
552.017 603.769 
72.9617 68.0038 
287.788 329.435 371.14 410.325 
86.3049 83.9135 76.3858 79.864 
63.9217 108.324 
112.555 107.986 
288.96 328.382 
164.549 162.913 
733.739 750.569 
89.4909 94.2885 
521.411 569.182 
89.5567 92.8823 
356.747 397.261 438.876 481.478 
91.2492 96.2355 101.26 89.5636 
328.868 368.897 
126.252 124.6 
552.819 602.822 659.479 
110.339 109.464 94.5865 
582.121 635.461 698.062 
109.914 109.202 93.2773 
399.579 440.418 
134.537 132.931 
447.878 488.766 533.783 578.734 
127.514 126.421 115.703 116.107 
722.103 750.451 750.441 750.453 
127.376 131.883 121.64 123.402 
3.76978 57.9248 110.412 
128.346 124.441 123.956 
546.268 596.276 653.803 712.082 
128.978 129.15 116.073 113.738 
542.92 591.251 
139.635 140.447 
440.409 482.089 527.937 
151.09 150.597 140.848 
107.081 151.273 196.242 
147.984 143.922 140.247 
697.074 750.415 750.466 
147.685 151.187 139.885 
545.427 593.762 651.273 710.39 
149.817 150.894 139.359 138.22 
284.583 323.755 366.24 
172.424 170.387 164.035 
322.913 361.253 
173.091 171.017 
505.417 547.088 
175.183 176.046 
428.746 464.593 515.411 552.915 
181.45 180.994 172.287 173.834 
517.892 562.871 614.559 667.06 
186.523 188.177 178.666 179.668 
514.577 558.706 610.399 662.073 
202.204 204.382 195.689 197.272 
549.577 594.604 
199.733 202.558 
750.421 750.422 
206.097 211.146 
582.069 637.114 
203.339 207.381 
426.284 464.622 
208.259 208.331 
405.638 442.704 
247.152 247.012 
547.916 592.145 
216.265 219.728 
574.588 622.958 
225.363 230.016 
637.952 695.435 
230.762 237.729 
545.433 592.918 645.415 
232.759 237.073 229.598 
39.6025 96.2614 
235.654 237.37 
635.512 692.921 750.516 
241.089 248.711 241.21 
637.958 693.702 
243.249 250.875 
290.175 327.827 369.513 410.238 
257.909 256.376 250.732 254.995 
539.948 588.518 645.538 707.13 
287.07 295.556 292.562 301.245 
530.815 581.399 636.023 688.443 
278.555 287.392 283.815 289.036 
727.113 750.507 
287.701 294.031 
82.9744 135.439 190.463 241.269 
292.47 285.58 279.904 283.877 
662.925 716.998 
281.19 290.923 
542.847 588.572 648.563 705.189 
289.711 297.123 294.503 302.161 
88.0387 139.559 
306.107 298.598 
420.762 466.91 
307.513 315.11 
274.756 252.688 295.999 
311.159 320.134 313.385 
270.919 306.245 
308.106 305.392 
212.454 249.134 292.641 333.42 
335.06 330.716 324.086 327.983 
216.019 252.688 
324.391 320.134 
173.96 212.762 259.117 
340.381 337.839 331.923 
508.639 546.238 
323.502 332.542 
536.709 579.788 636.829 698.021 
478.86 478.839 478.972 479.055 
323.987 362.037 418.618 
355.308 357.953 360.744 
751.847 751.407 
404.447 404.378 
362.074 402.7 457.91 
372.121 379.45 381.272 
390.423 445.414 
372.73 381.435 
352.078 400.44 451.937 519.57 
373.884 382.346 383.568 398.288 
507.914 552.954 
381.276 392.662 
473.579 515.15 566.785 
380.631 389.979 390.913 
0.308339 38.6542 107.068 182.78 
402.389 404.614 405.254 414.406 
628.882 673.717 
398.857 410.262 
321.071 359.128 407.896 
419.376 422.695 421.278 
659.394 709.969 
402.899 418.773 
99.3227 142.948 
452.883 464.55 
311.601 345.802 391.557 436.081 
458.268 459.594 455.057 463.952 
521.275 562.912 
450.863 464.823 
26.1162 79.7479 
0.00654787 0 
43.5596 94.8205 
30.0484 33.0045 
177.181 232.12 
0 0.20596 
638.055 701.008 
110.737 95.5856 
381.34 421.28 
87.322 77.6503 
642.953 707.844 
109.093 92.2065 
642.804 702.756 
116.657 102.194 
71.0159 122.549 169.203 
163.769 164.453 173.039 
439.597 483.776 
161.094 152.076 
629.556 692.898 750.425 
190.345 180.36 180.787 
556.368 607.962 
213.138 204.804 
557.055 607.786 
223.193 215.729 
210.433 253.808 296.412 
275.541 270.814 275.65 
629.522 694.684 750.664 
261.917 257.659 262.812 
357.573 400.361 
297.088 287.916 
564.554 617.249 
280.936 277.953 
181.939 223.81 
282.681 278.335 
632.832 682.903 
301.688 299.008 
352.202 398.381 
305.157 297.818 
490.734 536.707 588.525 
306.91 302.144 312.625 
203.043 248.47 290.54 
308.639 295.538 297.749 
56.9898 134.616 193.102 
338.242 339.731 352.191 
46.4265 118.781 
398.373 399.045 
86.1465 153.7 213.694 
402.145 403.409 414.02 
643.78 707.315 
442.469 437.62 
129.194 177.091 
0.0535768 0.122383 
406.242 431.362 
17.1169 15.7144 
276.681 317.45 
164.521 170.365 
370.72 410.659 
156.236 161.238 
663.736 723.699 
124.401 122.346 
45.575 99.7794 
165.849 176.115 
648.763 706.287 
128.123 126.769 
147.051 193.656 
167.458 175.444 
0.303879 0.25261 
179.481 192.761 
508.783 552.052 
200.04 202.485 
582.942 552.052 
206.733 202.485 
612.87 667.038 
210.977 213.548 
427.999 467.149 
241.785 245.828 
666.869 727.853 
252.328 258.185 
498.852 541.252 
274.281 278.758 
280.688 321.927 
344.781 347.43 
195.56 247.065 
292.086 295.313 
391.223 429.526 
290.281 294.289 
656.229 718.266 
311.267 322.658 
256.751 297.594 
295.536 296.912 
618.925 671.435 
325.633 336.59 
651.884 713.437 
347.751 358.825 
79.3941 139.381 
375.413 382.821 
300.925 346.36 
393.502 395.793 
25.374 98.3647 
415.707 412.26 
